item_id,csv_row_number,question,column_used,expected_keys_json,model_name,view_name,rank,cosine_score,is_relevant,rowid,NCT,PubMed ID,Trial name,source_value,candidate_row_json
row_36,36,"In Gastric/GEJ trials, classify the ICI by target class from its generic name as PD-1, PD-L1, or CTLA-4.",Name of ICI,"[""class""]",bert,column,1,0.7486913800239563,0,130,NCT02924883,33002436,KATE2,Atezolizumab+Trastuzumab emtansine+Placebo,"{""Author"": ""Emens LA et al"", ""Cancer type"": ""Breast"", ""Class of ICI"": ""PD-L1"", ""Clincal setting in relation to surgery"": ""Metastatic+recurrent (unresectable)"", ""Clinical setting"": ""Metastatic+recurrent (unresectable)"", ""Control arm"": ""HER2i"", ""Control regimen"": ""Trastuzumab emtansine+placebo"", ""Follow-up duration for primary endpoint(s) in months | Control"": ""8.4"", ""Follow-up duration for primary endpoint(s) in months | Overall"": null, ""Follow-up duration for primary endpoint(s) in months | Rx"": ""8.5"", ""Included in MA"": null, ""Is PD-L1 positivity inclusion criteria"": ""No"", ""Is any other biomarker used for inclusion"": ""Yes"", ""Lines of treatment"": ""1st and later line of treatment for metastatic disease"", ""Monotherapy/combination"": ""Combination"", ""NCT"": ""NCT02924883"", ""Name of ICI"": ""Atezolizumab+Trastuzumab emtansine+Placebo"", ""Number of arms"": 2, ""Originial publication or Follow-up"": ""Original publication"", ""Priamry Multiple, composite, or co-primary endpoints?"": null, ""Primary endpoint"": ""PFS"", ""PubMed ID"": ""33002436"", ""Secondary endpoint"": ""OS, ORR, DOR"", ""Total sample size"": 202, ""Treatment regimen"": ""Atezolizumab"", ""Trial name"": ""KATE2"", ""Trial phase"": ""Phase 2"", ""Type of combination"": ""ICI+HER2i"", ""Type of control"": ""HER2i"", ""Type of follow-up given"": ""Median"", ""Type of therapy"": ""Combination"", ""Year"": 2020, ""__rowid__"": 130}"
row_36,36,"In Gastric/GEJ trials, classify the ICI by target class from its generic name as PD-1, PD-L1, or CTLA-4.",Name of ICI,"[""class""]",bert,column,2,0.7400744557380676,0,100,NCT02453282,32271377,MYSTIC,"Durvalumab, Tremelimumab","{""Author"": ""Rizvi NA et al (1)"", ""Cancer type"": ""Non-Small Cell Lung"", ""Class of ICI"": ""PD-L1, CTLA-4"", ""Clincal setting in relation to surgery"": ""Metastatic+recurrent (unresectable)"", ""Clinical setting"": ""Metastatic+recurrent (unresectable)"", ""Control arm"": ""Chemo"", ""Control regimen"": ""Investigator's choice chemotherapy"", ""Follow-up duration for primary endpoint(s) in months | Control"": null, ""Follow-up duration for primary endpoint(s) in months | Overall"": ""30.2, 10.6"", ""Follow-up duration for primary endpoint(s) in months | Rx"": null, ""Included in MA"": ""Yes"", ""Is PD-L1 positivity inclusion criteria"": ""No"", ""Is any other biomarker used for inclusion"": ""Yes"", ""Lines of treatment"": ""Only 1st line of treatment for metastatic disease"", ""Monotherapy/combination"": ""Combination"", ""NCT"": ""NCT02453282"", ""Name of ICI"": ""Durvalumab, Tremelimumab"", ""Number of arms"": 3, ""Originial publication or Follow-up"": ""Original publication"", ""Priamry Multiple, composite, or co-primary endpoints?"": ""Multiple"", ""Primary endpoint"": ""OS+PFS"", ""PubMed ID"": ""32271377"", ""Secondary endpoint"": ""PFS for durvalumab vs. chemotherapy; ORR and DOR in patients with PD-L1 TC ≥25%; safety and tolerability."", ""Total sample size"": 1118, ""Treatment regimen"": ""Durvalumab+Tremelimumab"", ""Trial name"": ""MYSTIC"", ""Trial phase"": ""Phase 3"", ""Type of combination"": ""ICI+ICI"", ""Type of control"": ""Chemo"", ""Type of follow-up given"": ""Median"", ""Type of therapy"": ""Combination"", ""Year"": 2020, ""__rowid__"": 100}"
row_36,36,"In Gastric/GEJ trials, classify the ICI by target class from its generic name as PD-1, PD-L1, or CTLA-4.",Name of ICI,"[""class""]",bert,column,3,0.7400744557380676,0,112,NCT02870920,32379280,,"Durvalumab, Tremelimumab","{""Author"": ""Chen EX et al"", ""Cancer type"": ""Colorectal"", ""Class of ICI"": ""PD-L1, CTLA-4"", ""Clincal setting in relation to surgery"": ""Metastatic+recurrent (unresectable)"", ""Clinical setting"": ""Metastatic+recurrent (unresectable)"", ""Control arm"": ""Best supportive care"", ""Control regimen"": ""Best supportive care"", ""Follow-up duration for primary endpoint(s) in months | Control"": ""4.1"", ""Follow-up duration for primary endpoint(s) in months | Overall"": null, ""Follow-up duration for primary endpoint(s) in months | Rx"": ""6.6"", ""Included in MA"": ""No"", ""Is PD-L1 positivity inclusion criteria"": ""No"", ""Is any other biomarker used for inclusion"": ""No"", ""Lines of treatment"": ""Only 2nd or later line of treatment for metastatic disease"", ""Monotherapy/combination"": ""Combination"", ""NCT"": ""NCT02870920"", ""Name of ICI"": ""Durvalumab, Tremelimumab"", ""Number of arms"": 2, ""Originial publication or Follow-up"": ""Original publication"", ""Priamry Multiple, composite, or co-primary endpoints?"": null, ""Primary endpoint"": ""OS"", ""PubMed ID"": ""32379280"", ""Secondary endpoint"": ""PFS, ORR"", ""Total sample size"": 180, ""Treatment regimen"": ""Durvalumab+Tremelimumab+Best supportive care"", ""Trial name"": null, ""Trial phase"": ""Phase 2"", ""Type of combination"": ""ICI+ICI+Chemo"", ""Type of control"": ""Best supportive care"", ""Type of follow-up given"": ""Median"", ""Type of therapy"": ""Combination"", ""Year"": 2020, ""__rowid__"": 112}"
row_36,36,"In Gastric/GEJ trials, classify the ICI by target class from its generic name as PD-1, PD-L1, or CTLA-4.",Name of ICI,"[""class""]",bert,column,4,0.7400744557380676,0,111,NCT02369874,32294530,EAGLE,"Durvalumab, Tremelimumab","{""Author"": ""Ferris RL et al (1)"", ""Cancer type"": ""Head and Neck"", ""Class of ICI"": ""PD-L1, CTLA-4"", ""Clincal setting in relation to surgery"": ""Metastatic+recurrent (unresectable)"", ""Clinical setting"": ""Metastatic+recurrent (unresectable)"", ""Control arm"": ""Chemo+Anti-EGFR"", ""Control regimen"": ""Cetuximab+Taxane+Methotrexate+Fluoropyrimidine"", ""Follow-up duration for primary endpoint(s) in months | Control"": ""8.3"", ""Follow-up duration for primary endpoint(s) in months | Overall"": null, ""Follow-up duration for primary endpoint(s) in months | Rx"": ""6.5"", ""Included in MA"": ""Yes"", ""Is PD-L1 positivity inclusion criteria"": ""Yes"", ""Is any other biomarker used for inclusion"": ""No"", ""Lines of treatment"": ""Only 2nd or later line of treatment for metastatic disease"", ""Monotherapy/combination"": ""Combination"", ""NCT"": ""NCT02369874"", ""Name of ICI"": ""Durvalumab, Tremelimumab"", ""Number of arms"": 3, ""Originial publication or Follow-up"": ""Original publication"", ""Priamry Multiple, composite, or co-primary endpoints?"": null, ""Primary endpoint"": ""OS"", ""PubMed ID"": ""32294530"", ""Secondary endpoint"": ""PFS, ORR, DOR"", ""Total sample size"": 736, ""Treatment regimen"": ""Durvalumab+Tremelimumab"", ""Trial name"": ""EAGLE"", ""Trial phase"": ""Phase 3"", ""Type of combination"": ""ICI+ICI"", ""Type of control"": ""Chemo+Anti-EGFR"", ""Type of follow-up given"": ""Median"", ""Type of therapy"": ""Combination"", ""Year"": 2020, ""__rowid__"": 111}"
row_36,36,"In Gastric/GEJ trials, classify the ICI by target class from its generic name as PD-1, PD-L1, or CTLA-4.",Name of ICI,"[""class""]",bert,column,5,0.7400744557380676,0,83,NCT03043872,31590988,CASPIAN,"Durvalumab, Tremelimumab","{""Author"": ""Paz-Ares L et al (1)"", ""Cancer type"": ""Small Cell Lung"", ""Class of ICI"": ""PD-L1, CTLA-4"", ""Clincal setting in relation to surgery"": ""Metastatic+recurrent (unresectable)"", ""Clinical setting"": ""Metastatic+recurrent (unresectable)"", ""Control arm"": ""Chemo"", ""Control regimen"": ""Platinum+Etoposide"", ""Follow-up duration for primary endpoint(s) in months | Control"": null, ""Follow-up duration for primary endpoint(s) in months | Overall"": ""14.2"", ""Follow-up duration for primary endpoint(s) in months | Rx"": null, ""Included in MA"": ""Yes"", ""Is PD-L1 positivity inclusion criteria"": ""No"", ""Is any other biomarker used for inclusion"": ""No"", ""Lines of treatment"": ""Only 1st line of treatment for metastatic disease"", ""Monotherapy/combination"": ""Combination"", ""NCT"": ""NCT03043872"", ""Name of ICI"": ""Durvalumab, Tremelimumab"", ""Number of arms"": 3, ""Originial publication or Follow-up"": ""Original publication"", ""Priamry Multiple, composite, or co-primary endpoints?"": null, ""Primary endpoint"": ""OS"", ""PubMed ID"": ""31590988"", ""Secondary endpoint"": ""PFS; objective response; OS at 18 months; PFS at 6 and 12 months; safety; pharmacokinetics; immunogenicity; symptoms and health-related quality of life assessments."", ""Total sample size"": 805, ""Treatment regimen"": ""Durvalumab+Tremelimumab+Etoposide+Platinum agent"", ""Trial name"": ""CASPIAN"", ""Trial phase"": ""Phase 3"", ""Type of combination"": ""ICI+ICI+Chemo"", ""Type of control"": ""Chemo"", ""Type of follow-up given"": ""Median"", ""Type of therapy"": ""Combination"", ""Year"": 2019, ""__rowid__"": 83}"
row_36,36,"In Gastric/GEJ trials, classify the ICI by target class from its generic name as PD-1, PD-L1, or CTLA-4.",Name of ICI,"[""class""]",bert,column,6,0.7400744557380676,0,91,NCT02352948,32201234,ARCTIC,"Durvalumab, Tremelimumab","{""Author"": ""Planchard D et al (2)"", ""Cancer type"": ""Non-Small Cell Lung"", ""Class of ICI"": ""PD-L1, CTLA-4"", ""Clincal setting in relation to surgery"": ""Metastatic+recurrent (unresectable)"", ""Clinical setting"": ""Metastatic+recurrent (unresectable)"", ""Control arm"": ""Chemo/TKI"", ""Control regimen"": ""Erlotinib/gemcitabine/vinorelbine"", ""Follow-up duration for primary endpoint(s) in months | Control"": null, ""Follow-up duration for primary endpoint(s) in months | Overall"": ""9.1"", ""Follow-up duration for primary endpoint(s) in months | Rx"": null, ""Included in MA"": ""Yes"", ""Is PD-L1 positivity inclusion criteria"": ""No"", ""Is any other biomarker used for inclusion"": ""No"", ""Lines of treatment"": ""Only 2nd or later line of treatment for metastatic disease"", ""Monotherapy/combination"": ""Combination"", ""NCT"": ""NCT02352948"", ""Name of ICI"": ""Durvalumab, Tremelimumab"", ""Number of arms"": 4, ""Originial publication or Follow-up"": ""Original publication"", ""Priamry Multiple, composite, or co-primary endpoints?"": ""Multiple"", ""Primary endpoint"": ""OS+PFS"", ""PubMed ID"": ""32201234"", ""Secondary endpoint"": ""OS rate at 12 months; proportion of patients alive and progression-free at 6 and 12 months; ORR; DoR."", ""Total sample size"": 595, ""Treatment regimen"": ""Durvalumab+Tremelimumab"", ""Trial name"": ""ARCTIC"", ""Trial phase"": ""Phase 3"", ""Type of combination"": ""ICI+ICI"", ""Type of control"": ""Chemo/TKI"", ""Type of follow-up given"": ""Median"", ""Type of therapy"": ""Combination"", ""Year"": 2020, ""__rowid__"": 91}"
row_36,36,"In Gastric/GEJ trials, classify the ICI by target class from its generic name as PD-1, PD-L1, or CTLA-4.",Name of ICI,"[""class""]",bert,column,7,0.7400744557380676,0,137,NCT03043872,33285097,CASPIAN,"Durvalumab, Tremelimumab","{""Author"": ""Goldman JW et al"", ""Cancer type"": ""Small Cell Lung"", ""Class of ICI"": ""PD-L1, CTLA-4"", ""Clincal setting in relation to surgery"": ""Metastatic+recurrent (unresectable)"", ""Clinical setting"": ""Metastatic+recurrent (unresectable)"", ""Control arm"": ""Chemo"", ""Control regimen"": ""Platinum+Etoposide"", ""Follow-up duration for primary endpoint(s) in months | Control"": null, ""Follow-up duration for primary endpoint(s) in months | Overall"": ""25.1"", ""Follow-up duration for primary endpoint(s) in months | Rx"": null, ""Included in MA"": null, ""Is PD-L1 positivity inclusion criteria"": ""No"", ""Is any other biomarker used for inclusion"": ""No"", ""Lines of treatment"": ""Only 1st line of treatment for metastatic disease"", ""Monotherapy/combination"": ""Combination"", ""NCT"": ""NCT03043872"", ""Name of ICI"": ""Durvalumab, Tremelimumab"", ""Number of arms"": 3, ""Originial publication or Follow-up"": ""Follow-up"", ""Priamry Multiple, composite, or co-primary endpoints?"": null, ""Primary endpoint"": ""OS"", ""PubMed ID"": ""33285097"", ""Secondary endpoint"": ""PFS, ORR, OS at 18 months, PFS, safety, pharmacokinetics, immunogenicity, HRQOL"", ""Total sample size"": 805, ""Treatment regimen"": ""Durvalumab+Tremelimumab+Etoposide+Platinum agent"", ""Trial name"": ""CASPIAN"", ""Trial phase"": ""Phase 3"", ""Type of combination"": ""ICI+ICI+Chemo"", ""Type of control"": ""Chemo"", ""Type of follow-up given"": ""Median"", ""Type of therapy"": ""Combination"", ""Year"": 2020, ""__rowid__"": 137}"
row_36,36,"In Gastric/GEJ trials, classify the ICI by target class from its generic name as PD-1, PD-L1, or CTLA-4.",Name of ICI,"[""class""]",bert,column,8,0.7400744557380676,0,124,NCT02516241,32971005,DANUBE,"Durvalumab, Tremelimumab","{""Author"": ""Powles T et al (1)"", ""Cancer type"": ""Urothelial"", ""Class of ICI"": ""PD-L1, CTLA-4"", ""Clincal setting in relation to surgery"": ""Metastatic+recurrent (unresectable)"", ""Clinical setting"": ""Metastatic+recurrent (unresectable)"", ""Control arm"": ""Chemo"", ""Control regimen"": ""Gemcitabine+Cisplatin/Carboplatin"", ""Follow-up duration for primary endpoint(s) in months | Control"": null, ""Follow-up duration for primary endpoint(s) in months | Overall"": ""41.2"", ""Follow-up duration for primary endpoint(s) in months | Rx"": null, ""Included in MA"": null, ""Is PD-L1 positivity inclusion criteria"": ""No"", ""Is any other biomarker used for inclusion"": ""No"", ""Lines of treatment"": ""Only 1st line of treatment for metastatic disease"", ""Monotherapy/combination"": ""Combination"", ""NCT"": ""NCT02516241"", ""Name of ICI"": ""Durvalumab, Tremelimumab"", ""Number of arms"": 3, ""Originial publication or Follow-up"": ""Original publication"", ""Priamry Multiple, composite, or co-primary endpoints?"": ""Co-primary"", ""Primary endpoint"": ""OS"", ""PubMed ID"": ""32971005"", ""Secondary endpoint"": ""OS, PFS, ORR, DoR, DCR"", ""Total sample size"": 1032, ""Treatment regimen"": ""Durvalumab+Tremelimumab"", ""Trial name"": ""DANUBE"", ""Trial phase"": ""Phase 3"", ""Type of combination"": ""ICI+ICI"", ""Type of control"": ""Chemo"", ""Type of follow-up given"": ""Median"", ""Type of therapy"": ""Combination"", ""Year"": 2020, ""__rowid__"": 124}"
row_36,36,"In Gastric/GEJ trials, classify the ICI by target class from its generic name as PD-1, PD-L1, or CTLA-4.",Name of ICI,"[""class""]",bert,column,9,0.7333245277404785,0,52,NCT02220894,30955977,Keynote-042,Pembrolizumab,"{""Author"": ""Mok TSK et al"", ""Cancer type"": ""Non-Small Cell Lung"", ""Class of ICI"": ""PD1"", ""Clincal setting in relation to surgery"": ""Metastatic+recurrent (unresectable)"", ""Clinical setting"": ""Metastatic+recurrent (unresectable)"", ""Control arm"": ""Chemo"", ""Control regimen"": ""Carboplatin+Pemetrexed+Paclitaxel"", ""Follow-up duration for primary endpoint(s) in months | Control"": null, ""Follow-up duration for primary endpoint(s) in months | Overall"": ""12.8"", ""Follow-up duration for primary endpoint(s) in months | Rx"": null, ""Included in MA"": ""Yes"", ""Is PD-L1 positivity inclusion criteria"": ""Yes"", ""Is any other biomarker used for inclusion"": ""No"", ""Lines of treatment"": ""Only 1st line of treatment for metastatic disease"", ""Monotherapy/combination"": ""Monotherapy"", ""NCT"": ""NCT02220894"", ""Name of ICI"": ""Pembrolizumab"", ""Number of arms"": 2, ""Originial publication or Follow-up"": ""Original publication"", ""Priamry Multiple, composite, or co-primary endpoints?"": null, ""Primary endpoint"": ""OS"", ""PubMed ID"": ""30955977"", ""Secondary endpoint"": ""PFS, ORR in pts with PD-L1 TPS of >=50%; >=20%; >=1%"", ""Total sample size"": 1274, ""Treatment regimen"": ""Pembrolizumab"", ""Trial name"": ""Keynote-042"", ""Trial phase"": ""Phase 3"", ""Type of combination"": null, ""Type of control"": ""Chemo"", ""Type of follow-up given"": ""Median"", ""Type of therapy"": ""Monotherapy"", ""Year"": 2019, ""__rowid__"": 52}"
row_36,36,"In Gastric/GEJ trials, classify the ICI by target class from its generic name as PD-1, PD-L1, or CTLA-4.",Name of ICI,"[""class""]",bert,column,10,0.7333245277404785,0,54,NCT02142738,30620668,Keynote-024,Pembrolizumab,"{""Author"": ""Reck M et al"", ""Cancer type"": ""Non-Small Cell Lung"", ""Class of ICI"": ""PD1"", ""Clincal setting in relation to surgery"": ""Metastatic+recurrent (unresectable)"", ""Clinical setting"": ""Metastatic+recurrent (unresectable)"", ""Control arm"": ""Chemo"", ""Control regimen"": ""Platinum-based chemotherapy"", ""Follow-up duration for primary endpoint(s) in months | Control"": null, ""Follow-up duration for primary endpoint(s) in months | Overall"": ""25.2"", ""Follow-up duration for primary endpoint(s) in months | Rx"": null, ""Included in MA"": ""Yes"", ""Is PD-L1 positivity inclusion criteria"": ""Yes"", ""Is any other biomarker used for inclusion"": ""No"", ""Lines of treatment"": ""Only 1st line of treatment for metastatic disease"", ""Monotherapy/combination"": ""Monotherapy"", ""NCT"": ""NCT02142738"", ""Name of ICI"": ""Pembrolizumab"", ""Number of arms"": 2, ""Originial publication or Follow-up"": ""Follow-up"", ""Priamry Multiple, composite, or co-primary endpoints?"": null, ""Primary endpoint"": ""PFS"", ""PubMed ID"": ""30620668"", ""Secondary endpoint"": ""OS, ORR, safety"", ""Total sample size"": 305, ""Treatment regimen"": ""Pembrolizumab"", ""Trial name"": ""Keynote-024"", ""Trial phase"": ""Phase 3"", ""Type of combination"": null, ""Type of control"": ""Chemo"", ""Type of follow-up given"": ""Median"", ""Type of therapy"": ""Monotherapy"", ""Year"": 2019, ""__rowid__"": 54}"
row_36,36,"In Gastric/GEJ trials, classify the ICI by target class from its generic name as PD-1, PD-L1, or CTLA-4.",Name of ICI,"[""class""]",bert,column,11,0.7333245277404785,1,11,NCT02370498,29880231,Keynote-061,Pembrolizumab,"{""Author"": ""Shitara K et al"", ""Cancer type"": ""Gastric/GEJ"", ""Class of ICI"": ""PD1"", ""Clincal setting in relation to surgery"": ""Metastatic+recurrent (unresectable)"", ""Clinical setting"": ""Metastatic+recurrent (unresectable)"", ""Control arm"": ""Chemo"", ""Control regimen"": ""Paclitaxel"", ""Follow-up duration for primary endpoint(s) in months | Control"": null, ""Follow-up duration for primary endpoint(s) in months | Overall"": ""7.9"", ""Follow-up duration for primary endpoint(s) in months | Rx"": null, ""Included in MA"": ""Yes"", ""Is PD-L1 positivity inclusion criteria"": ""No"", ""Is any other biomarker used for inclusion"": ""No"", ""Lines of treatment"": ""Only 2nd or later line of treatment for metastatic disease"", ""Monotherapy/combination"": ""Monotherapy"", ""NCT"": ""NCT02370498"", ""Name of ICI"": ""Pembrolizumab"", ""Number of arms"": 2, ""Originial publication or Follow-up"": ""Original publication"", ""Priamry Multiple, composite, or co-primary endpoints?"": ""Multiple"", ""Primary endpoint"": ""OS+PFS"", ""PubMed ID"": ""29880231"", ""Secondary endpoint"": ""ORR, DoR, in patients with PD-L1 CPS of 1 or higher and in the total population; PFS, OS in the total population; PFS in the population with CPS of 1 or higher and in the total population; and time to progression in the population with CPS of 1 or higher and in the total population; safety"", ""Total sample size"": 395, ""Treatment regimen"": ""Pembrolizumab"", ""Trial name"": ""Keynote-061"", ""Trial phase"": ""Phase 3"", ""Type of combination"": null, ""Type of control"": ""Chemo"", ""Type of follow-up given"": ""Median"", ""Type of therapy"": ""Monotherapy"", ""Year"": 2018, ""__rowid__"": 11}"
row_36,36,"In Gastric/GEJ trials, classify the ICI by target class from its generic name as PD-1, PD-L1, or CTLA-4.",Name of ICI,"[""class""]",bert,column,12,0.7333245277404785,0,12,NCT02252042,30509740,KEYNOTE-040,Pembrolizumab,"{""Author"": ""Cohen EEW et al"", ""Cancer type"": ""Head and Neck"", ""Class of ICI"": ""PD1"", ""Clincal setting in relation to surgery"": ""Metastatic+recurrent (unresectable)"", ""Clinical setting"": ""Metastatic+recurrent (unresectable)"", ""Control arm"": ""Chemo/Anti-EGFR"", ""Control regimen"": ""Methotrexate/Docetaxel/Cetuximab"", ""Follow-up duration for primary endpoint(s) in months | Control"": ""7.1"", ""Follow-up duration for primary endpoint(s) in months | Overall"": null, ""Follow-up duration for primary endpoint(s) in months | Rx"": ""7.5"", ""Included in MA"": ""Yes"", ""Is PD-L1 positivity inclusion criteria"": ""No"", ""Is any other biomarker used for inclusion"": ""No"", ""Lines of treatment"": ""1st and later line of treatment for metastatic disease"", ""Monotherapy/combination"": ""Monotherapy"", ""NCT"": ""NCT02252042"", ""Name of ICI"": ""Pembrolizumab"", ""Number of arms"": 2, ""Originial publication or Follow-up"": ""Original publication"", ""Priamry Multiple, composite, or co-primary endpoints?"": null, ""Primary endpoint"": ""OS"", ""PubMed ID"": ""30509740"", ""Secondary endpoint"": ""OS in the population with \na PD-L1 combined positive \nscore of 1 or higher; safety, \nPFS,ORR, duration of \nconfirmed response in all \nparticipants and those with a PD-L1 combined positive score of 1 or higher."", ""Total sample size"": 495, ""Treatment regimen"": ""Pembrolizumab"", ""Trial name"": ""KEYNOTE-040"", ""Trial phase"": ""Phase 3"", ""Type of combination"": null, ""Type of control"": ""Chemo/Anti-EGFR"", ""Type of follow-up given"": ""Median"", ""Type of therapy"": ""Monotherapy"", ""Year"": 2018, ""__rowid__"": 12}"
row_36,36,"In Gastric/GEJ trials, classify the ICI by target class from its generic name as PD-1, PD-L1, or CTLA-4.",Name of ICI,"[""class""]",bert,column,13,0.7333245277404785,0,30,NCT01905657,26712084,Keynote-010,Pembrolizumab,"{""Author"": ""Herbst RS et al (1)"", ""Cancer type"": ""Non-Small Cell Lung"", ""Class of ICI"": ""PD1"", ""Clincal setting in relation to surgery"": ""Metastatic+recurrent (unresectable)"", ""Clinical setting"": ""Metastatic+recurrent (unresectable)"", ""Control arm"": ""Chemo"", ""Control regimen"": ""Docetaxel"", ""Follow-up duration for primary endpoint(s) in months | Control"": ""8.5"", ""Follow-up duration for primary endpoint(s) in months | Overall"": null, ""Follow-up duration for primary endpoint(s) in months | Rx"": ""12.7 (Pembrolizumab 10mg/kg)"", ""Included in MA"": ""Yes"", ""Is PD-L1 positivity inclusion criteria"": ""Yes"", ""Is any other biomarker used for inclusion"": ""No"", ""Lines of treatment"": ""Only 2nd or later line of treatment for metastatic disease"", ""Monotherapy/combination"": ""Monotherapy"", ""NCT"": ""NCT01905657"", ""Name of ICI"": ""Pembrolizumab"", ""Number of arms"": 3, ""Originial publication or Follow-up"": ""Original publication"", ""Priamry Multiple, composite, or co-primary endpoints?"": ""Multiple"", ""Primary endpoint"": ""OS+PFS"", ""PubMed ID"": ""26712084"", ""Secondary endpoint"": ""RR, DOR"", ""Total sample size"": 1034, ""Treatment regimen"": ""Pembrolizumab"", ""Trial name"": ""Keynote-010"", ""Trial phase"": ""Phase 2"", ""Type of combination"": null, ""Type of control"": ""Chemo"", ""Type of follow-up given"": ""Median"", ""Type of therapy"": ""Monotherapy"", ""Year"": 2016, ""__rowid__"": 30}"
row_36,36,"In Gastric/GEJ trials, classify the ICI by target class from its generic name as PD-1, PD-L1, or CTLA-4.",Name of ICI,"[""class""]",bert,column,14,0.7333245277404785,0,29,NCT01905657,26712084,Keynote-010,Pembrolizumab,"{""Author"": ""Herbst RS et al"", ""Cancer type"": ""Non-Small Cell Lung"", ""Class of ICI"": ""PD1"", ""Clincal setting in relation to surgery"": ""Metastatic+recurrent (unresectable)"", ""Clinical setting"": ""Metastatic+recurrent (unresectable)"", ""Control arm"": ""Chemo"", ""Control regimen"": ""Docetaxel"", ""Follow-up duration for primary endpoint(s) in months | Control"": ""8.5"", ""Follow-up duration for primary endpoint(s) in months | Overall"": null, ""Follow-up duration for primary endpoint(s) in months | Rx"": ""10.4(Pembrolizumab 2mg/kg)"", ""Included in MA"": ""Yes"", ""Is PD-L1 positivity inclusion criteria"": ""Yes"", ""Is any other biomarker used for inclusion"": ""No"", ""Lines of treatment"": ""Only 2nd or later line of treatment for metastatic disease"", ""Monotherapy/combination"": ""Monotherapy"", ""NCT"": ""NCT01905657"", ""Name of ICI"": ""Pembrolizumab"", ""Number of arms"": 3, ""Originial publication or Follow-up"": ""Original publication"", ""Priamry Multiple, composite, or co-primary endpoints?"": ""Multiple"", ""Primary endpoint"": ""OS+PFS"", ""PubMed ID"": ""26712084"", ""Secondary endpoint"": ""RR, DOR"", ""Total sample size"": 1034, ""Treatment regimen"": ""Pembrolizumab"", ""Trial name"": ""Keynote-010"", ""Trial phase"": ""Phase 2"", ""Type of combination"": null, ""Type of control"": ""Chemo"", ""Type of follow-up given"": ""Median"", ""Type of therapy"": ""Monotherapy"", ""Year"": 2016, ""__rowid__"": 29}"
row_36,36,"In Gastric/GEJ trials, classify the ICI by target class from its generic name as PD-1, PD-L1, or CTLA-4.",Name of ICI,"[""class""]",bert,column,15,0.7333245277404785,0,2,NCT02256436,28212060,Keynote-045,Pembrolizumab,"{""Author"": ""Bellmunt J et al"", ""Cancer type"": ""Bladder"", ""Class of ICI"": ""PD1"", ""Clincal setting in relation to surgery"": ""Metastatic+recurrent (unresectable)"", ""Clinical setting"": ""Metastatic+recurrent (unresectable)"", ""Control arm"": ""Chemo"", ""Control regimen"": ""Vinflunine+Paclitaxel+Docetaxel"", ""Follow-up duration for primary endpoint(s) in months | Control"": null, ""Follow-up duration for primary endpoint(s) in months | Overall"": ""14.1"", ""Follow-up duration for primary endpoint(s) in months | Rx"": null, ""Included in MA"": ""Yes"", ""Is PD-L1 positivity inclusion criteria"": ""No"", ""Is any other biomarker used for inclusion"": ""No"", ""Lines of treatment"": ""1st and later line of treatment for metastatic disease"", ""Monotherapy/combination"": ""Monotherapy"", ""NCT"": ""NCT02256436"", ""Name of ICI"": ""Pembrolizumab"", ""Number of arms"": 2, ""Originial publication or Follow-up"": ""Original publication"", ""Priamry Multiple, composite, or co-primary endpoints?"": ""Multiple"", ""Primary endpoint"": ""OS+PFS"", ""PubMed ID"": ""28212060"", ""Secondary endpoint"": ""Safety, tolerability, ORR, DoR"", ""Total sample size"": 542, ""Treatment regimen"": ""Pembrolizumab"", ""Trial name"": ""Keynote-045"", ""Trial phase"": ""Phase 3"", ""Type of combination"": null, ""Type of control"": ""Chemo"", ""Type of follow-up given"": ""Median"", ""Type of therapy"": ""Monotherapy"", ""Year"": 2017, ""__rowid__"": 2}"
row_36,36,"In Gastric/GEJ trials, classify the ICI by target class from its generic name as PD-1, PD-L1, or CTLA-4.",Name of ICI,"[""class""]",bert,column,16,0.7333245277404785,0,3,NCT02256436,31050707,Keynote-045,Pembrolizumab,"{""Author"": ""Fradet Y et al"", ""Cancer type"": ""Bladder"", ""Class of ICI"": ""PD1"", ""Clincal setting in relation to surgery"": ""Metastatic+recurrent (unresectable)"", ""Clinical setting"": ""Metastatic+recurrent (unresectable)"", ""Control arm"": ""Chemo"", ""Control regimen"": ""Vinflunine+Paclitaxel+Docetaxel"", ""Follow-up duration for primary endpoint(s) in months | Control"": null, ""Follow-up duration for primary endpoint(s) in months | Overall"": ""27.7"", ""Follow-up duration for primary endpoint(s) in months | Rx"": null, ""Included in MA"": ""Yes"", ""Is PD-L1 positivity inclusion criteria"": ""No"", ""Is any other biomarker used for inclusion"": ""No"", ""Lines of treatment"": ""1st and later line of treatment for metastatic disease"", ""Monotherapy/combination"": ""Monotherapy"", ""NCT"": ""NCT02256436"", ""Name of ICI"": ""Pembrolizumab"", ""Number of arms"": 2, ""Originial publication or Follow-up"": ""Follow-up"", ""Priamry Multiple, composite, or co-primary endpoints?"": ""Multiple"", ""Primary endpoint"": ""OS+PFS"", ""PubMed ID"": ""31050707"", ""Secondary endpoint"": ""Safety, tolerability, ORR, DoR"", ""Total sample size"": 542, ""Treatment regimen"": ""Pembrolizumab"", ""Trial name"": ""Keynote-045"", ""Trial phase"": ""Phase 3"", ""Type of combination"": null, ""Type of control"": ""Chemo"", ""Type of follow-up given"": ""Median"", ""Type of therapy"": ""Monotherapy"", ""Year"": 2019, ""__rowid__"": 3}"
row_36,36,"In Gastric/GEJ trials, classify the ICI by target class from its generic name as PD-1, PD-L1, or CTLA-4.",Name of ICI,"[""class""]",bert,column,17,0.7333245277404785,0,74,NCT02576977,31327687,KEYNOTE-183,Pembrolizumab,"{""Author"": ""Mateos MV et al"", ""Cancer type"": ""Multiple Myeloma"", ""Class of ICI"": ""PD1"", ""Clincal setting in relation to surgery"": null, ""Clinical setting"": null, ""Control arm"": ""Chemo"", ""Control regimen"": ""Pomalidomide+Dexamethasone"", ""Follow-up duration for primary endpoint(s) in months | Control"": null, ""Follow-up duration for primary endpoint(s) in months | Overall"": ""8.1"", ""Follow-up duration for primary endpoint(s) in months | Rx"": null, ""Included in MA"": ""No"", ""Is PD-L1 positivity inclusion criteria"": ""No"", ""Is any other biomarker used for inclusion"": ""No"", ""Lines of treatment"": ""Only 2nd or later line of treatment for metastatic disease"", ""Monotherapy/combination"": ""Combination"", ""NCT"": ""NCT02576977"", ""Name of ICI"": ""Pembrolizumab"", ""Number of arms"": 2, ""Originial publication or Follow-up"": ""Original publication"", ""Priamry Multiple, composite, or co-primary endpoints?"": ""Multiple"", ""Primary endpoint"": ""OS+PFS"", ""PubMed ID"": ""31327687"", ""Secondary endpoint"": ""Overall response; duration of response; disease control; safety and tolerability of both treatments; secondary PFS."", ""Total sample size"": 348, ""Treatment regimen"": ""Pembrolizumab+Pomalidomide+Dexamethasone"", ""Trial name"": ""KEYNOTE-183"", ""Trial phase"": ""Phase 3"", ""Type of combination"": ""ICI+Chemo"", ""Type of control"": ""Chemo"", ""Type of follow-up given"": ""Median"", ""Type of therapy"": ""Combination"", ""Year"": 2019, ""__rowid__"": 74}"
row_36,36,"In Gastric/GEJ trials, classify the ICI by target class from its generic name as PD-1, PD-L1, or CTLA-4.",Name of ICI,"[""class""]",bert,column,18,0.7333245277404785,0,70,NCT02130466,31171878,KEYNOTE-022,Pembrolizumab,"{""Author"": ""Ascierto PA et al"", ""Cancer type"": ""Melanoma"", ""Class of ICI"": ""PD1"", ""Clincal setting in relation to surgery"": ""Metastatic+recurrent (unresectable)"", ""Clinical setting"": ""Metastatic+recurrent (unresectable)"", ""Control arm"": ""BRAFi+MEKi"", ""Control regimen"": ""Dabrafenib+trametinib+placebo"", ""Follow-up duration for primary endpoint(s) in months | Control"": null, ""Follow-up duration for primary endpoint(s) in months | Overall"": ""9.6"", ""Follow-up duration for primary endpoint(s) in months | Rx"": null, ""Included in MA"": ""Yes"", ""Is PD-L1 positivity inclusion criteria"": ""No"", ""Is any other biomarker used for inclusion"": ""Yes"", ""Lines of treatment"": ""1st and later line of treatment for metastatic disease"", ""Monotherapy/combination"": ""Combination"", ""NCT"": ""NCT02130466"", ""Name of ICI"": ""Pembrolizumab"", ""Number of arms"": 2, ""Originial publication or Follow-up"": ""Original publication"", ""Priamry Multiple, composite, or co-primary endpoints?"": null, ""Primary endpoint"": ""PFS"", ""PubMed ID"": ""31171878"", ""Secondary endpoint"": ""ORR; duration of response; time to response; OS."", ""Total sample size"": 120, ""Treatment regimen"": ""Pembrolizumab+Dabrafenib+Trametinib"", ""Trial name"": ""KEYNOTE-022"", ""Trial phase"": ""Phase 2"", ""Type of combination"": ""ICI+BRAFi+MEKi"", ""Type of control"": ""BRAFi+MEKi"", ""Type of follow-up given"": ""Median"", ""Type of therapy"": ""Combination"", ""Year"": 2019, ""__rowid__"": 70}"
row_36,36,"In Gastric/GEJ trials, classify the ICI by target class from its generic name as PD-1, PD-L1, or CTLA-4.",Name of ICI,"[""class""]",bert,column,19,0.7333245277404785,0,79,NCT02702401,31790344,KEYNOTE-240,Pembrolizumab,"{""Author"": ""Finn RS et al"", ""Cancer type"": ""Hepatocellular"", ""Class of ICI"": ""PD1"", ""Clincal setting in relation to surgery"": ""Metastatic+recurrent (unresectable)"", ""Clinical setting"": ""Metastatic+recurrent (unresectable)"", ""Control arm"": ""Placebo"", ""Control regimen"": ""Placebo"", ""Follow-up duration for primary endpoint(s) in months | Control"": ""10.6"", ""Follow-up duration for primary endpoint(s) in months | Overall"": null, ""Follow-up duration for primary endpoint(s) in months | Rx"": ""13.8"", ""Included in MA"": ""Yes"", ""Is PD-L1 positivity inclusion criteria"": ""No"", ""Is any other biomarker used for inclusion"": ""No"", ""Lines of treatment"": ""1st and later line of treatment for metastatic disease"", ""Monotherapy/combination"": ""Monotherapy"", ""NCT"": ""NCT02702401"", ""Name of ICI"": ""Pembrolizumab"", ""Number of arms"": 2, ""Originial publication or Follow-up"": ""Original publication"", ""Priamry Multiple, composite, or co-primary endpoints?"": ""Multiple"", ""Primary endpoint"": ""OS+PFS"", ""PubMed ID"": ""31790344"", ""Secondary endpoint"": ""ORR; DCR; DoR; time to progression; safety and tolerability."", ""Total sample size"": 413, ""Treatment regimen"": ""Pembrolizumab"", ""Trial name"": ""KEYNOTE-240"", ""Trial phase"": ""Phase 3"", ""Type of combination"": null, ""Type of control"": ""Placebo"", ""Type of follow-up given"": ""Median"", ""Type of therapy"": ""Monotherapy"", ""Year"": 2019, ""__rowid__"": 79}"
row_36,36,"In Gastric/GEJ trials, classify the ICI by target class from its generic name as PD-1, PD-L1, or CTLA-4.",Name of ICI,"[""class""]",bert,column,20,0.7333245277404785,0,75,NCT02579863,31327689,KEYNOTE-185,Pembrolizumab,"{""Author"": ""Usmani SZ et al"", ""Cancer type"": ""Multiple Myeloma"", ""Class of ICI"": ""PD1"", ""Clincal setting in relation to surgery"": null, ""Clinical setting"": null, ""Control arm"": ""Chemo"", ""Control regimen"": ""Lenalidomide+Dexamethasone"", ""Follow-up duration for primary endpoint(s) in months | Control"": null, ""Follow-up duration for primary endpoint(s) in months | Overall"": ""6.6"", ""Follow-up duration for primary endpoint(s) in months | Rx"": null, ""Included in MA"": ""No"", ""Is PD-L1 positivity inclusion criteria"": ""No"", ""Is any other biomarker used for inclusion"": ""No"", ""Lines of treatment"": ""Only 1st line of treatment for metastatic disease"", ""Monotherapy/combination"": ""Combination"", ""NCT"": ""NCT02579863"", ""Name of ICI"": ""Pembrolizumab"", ""Number of arms"": 2, ""Originial publication or Follow-up"": ""Original publication"", ""Priamry Multiple, composite, or co-primary endpoints?"": null, ""Primary endpoint"": ""PFS"", ""PubMed ID"": ""31327689"", ""Secondary endpoint"": ""Safety; OS; overall response; duration of response; disease control; secondary PFS."", ""Total sample size"": 301, ""Treatment regimen"": ""Pembrolizumab+Lenalidomide+Dexamethasone"", ""Trial name"": ""KEYNOTE-185"", ""Trial phase"": ""Phase 3"", ""Type of combination"": ""ICI+Chemo"", ""Type of control"": ""Chemo"", ""Type of follow-up given"": ""Median"", ""Type of therapy"": ""Combination"", ""Year"": 2019, ""__rowid__"": 75}"
row_36,36,"In Gastric/GEJ trials, classify the ICI by target class from its generic name as PD-1, PD-L1, or CTLA-4.",Name of ICI,"[""class""]",bert,row,1,0.7916621565818787,0,12,NCT02252042,30509740,KEYNOTE-040,Pembrolizumab,"{""Author"": ""Cohen EEW et al"", ""Cancer type"": ""Head and Neck"", ""Class of ICI"": ""PD1"", ""Clincal setting in relation to surgery"": ""Metastatic+recurrent (unresectable)"", ""Clinical setting"": ""Metastatic+recurrent (unresectable)"", ""Control arm"": ""Chemo/Anti-EGFR"", ""Control regimen"": ""Methotrexate/Docetaxel/Cetuximab"", ""Follow-up duration for primary endpoint(s) in months | Control"": ""7.1"", ""Follow-up duration for primary endpoint(s) in months | Overall"": null, ""Follow-up duration for primary endpoint(s) in months | Rx"": ""7.5"", ""Included in MA"": ""Yes"", ""Is PD-L1 positivity inclusion criteria"": ""No"", ""Is any other biomarker used for inclusion"": ""No"", ""Lines of treatment"": ""1st and later line of treatment for metastatic disease"", ""Monotherapy/combination"": ""Monotherapy"", ""NCT"": ""NCT02252042"", ""Name of ICI"": ""Pembrolizumab"", ""Number of arms"": 2, ""Originial publication or Follow-up"": ""Original publication"", ""Priamry Multiple, composite, or co-primary endpoints?"": null, ""Primary endpoint"": ""OS"", ""PubMed ID"": ""30509740"", ""Secondary endpoint"": ""OS in the population with \na PD-L1 combined positive \nscore of 1 or higher; safety, \nPFS,ORR, duration of \nconfirmed response in all \nparticipants and those with a PD-L1 combined positive score of 1 or higher."", ""Total sample size"": 495, ""Treatment regimen"": ""Pembrolizumab"", ""Trial name"": ""KEYNOTE-040"", ""Trial phase"": ""Phase 3"", ""Type of combination"": null, ""Type of control"": ""Chemo/Anti-EGFR"", ""Type of follow-up given"": ""Median"", ""Type of therapy"": ""Monotherapy"", ""Year"": 2018, ""__rowid__"": 12}"
row_36,36,"In Gastric/GEJ trials, classify the ICI by target class from its generic name as PD-1, PD-L1, or CTLA-4.",Name of ICI,"[""class""]",bert,row,2,0.7915868759155273,0,140,NCT02563002,33264544,MK-3475/Keynote-177,Pembrolizumab,"{""Author"": ""Andre T et al."", ""Cancer type"": ""Colorectal"", ""Class of ICI"": ""PD1"", ""Clincal setting in relation to surgery"": ""Metastatic+recurrent (unresectable)"", ""Clinical setting"": ""Metastatic+recurrent (unresectable)"", ""Control arm"": ""Chemo"", ""Control regimen"": ""Oxaliplatin+ leucovorin+5-fluoropyrimidine/mFOLFOX6+bevacizumab/mFOLFOX6+cetuximab"", ""Follow-up duration for primary endpoint(s) in months | Control"": null, ""Follow-up duration for primary endpoint(s) in months | Overall"": ""32.4"", ""Follow-up duration for primary endpoint(s) in months | Rx"": null, ""Included in MA"": null, ""Is PD-L1 positivity inclusion criteria"": ""No"", ""Is any other biomarker used for inclusion"": ""Yes"", ""Lines of treatment"": ""1st and later line of treatment for metastatic disease"", ""Monotherapy/combination"": ""Monotherapy"", ""NCT"": ""NCT02563002"", ""Name of ICI"": ""Pembrolizumab"", ""Number of arms"": 2, ""Originial publication or Follow-up"": ""Original publication"", ""Priamry Multiple, composite, or co-primary endpoints?"": ""Multiple"", ""Primary endpoint"": ""PFS+OS"", ""PubMed ID"": ""33264544"", ""Secondary endpoint"": ""ORR, safety"", ""Total sample size"": 307, ""Treatment regimen"": ""Pembrolizumab"", ""Trial name"": ""MK-3475/Keynote-177"", ""Trial phase"": ""Phase 3"", ""Type of combination"": null, ""Type of control"": ""Chemo"", ""Type of follow-up given"": ""Median"", ""Type of therapy"": ""Monotherapy"", ""Year"": 2020, ""__rowid__"": 140}"
row_36,36,"In Gastric/GEJ trials, classify the ICI by target class from its generic name as PD-1, PD-L1, or CTLA-4.",Name of ICI,"[""class""]",bert,row,3,0.7898634672164917,0,111,NCT02369874,32294530,EAGLE,"Durvalumab, Tremelimumab","{""Author"": ""Ferris RL et al (1)"", ""Cancer type"": ""Head and Neck"", ""Class of ICI"": ""PD-L1, CTLA-4"", ""Clincal setting in relation to surgery"": ""Metastatic+recurrent (unresectable)"", ""Clinical setting"": ""Metastatic+recurrent (unresectable)"", ""Control arm"": ""Chemo+Anti-EGFR"", ""Control regimen"": ""Cetuximab+Taxane+Methotrexate+Fluoropyrimidine"", ""Follow-up duration for primary endpoint(s) in months | Control"": ""8.3"", ""Follow-up duration for primary endpoint(s) in months | Overall"": null, ""Follow-up duration for primary endpoint(s) in months | Rx"": ""6.5"", ""Included in MA"": ""Yes"", ""Is PD-L1 positivity inclusion criteria"": ""Yes"", ""Is any other biomarker used for inclusion"": ""No"", ""Lines of treatment"": ""Only 2nd or later line of treatment for metastatic disease"", ""Monotherapy/combination"": ""Combination"", ""NCT"": ""NCT02369874"", ""Name of ICI"": ""Durvalumab, Tremelimumab"", ""Number of arms"": 3, ""Originial publication or Follow-up"": ""Original publication"", ""Priamry Multiple, composite, or co-primary endpoints?"": null, ""Primary endpoint"": ""OS"", ""PubMed ID"": ""32294530"", ""Secondary endpoint"": ""PFS, ORR, DOR"", ""Total sample size"": 736, ""Treatment regimen"": ""Durvalumab+Tremelimumab"", ""Trial name"": ""EAGLE"", ""Trial phase"": ""Phase 3"", ""Type of combination"": ""ICI+ICI"", ""Type of control"": ""Chemo+Anti-EGFR"", ""Type of follow-up given"": ""Median"", ""Type of therapy"": ""Combination"", ""Year"": 2020, ""__rowid__"": 111}"
row_36,36,"In Gastric/GEJ trials, classify the ICI by target class from its generic name as PD-1, PD-L1, or CTLA-4.",Name of ICI,"[""class""]",bert,row,4,0.7891268134117126,0,124,NCT02516241,32971005,DANUBE,"Durvalumab, Tremelimumab","{""Author"": ""Powles T et al (1)"", ""Cancer type"": ""Urothelial"", ""Class of ICI"": ""PD-L1, CTLA-4"", ""Clincal setting in relation to surgery"": ""Metastatic+recurrent (unresectable)"", ""Clinical setting"": ""Metastatic+recurrent (unresectable)"", ""Control arm"": ""Chemo"", ""Control regimen"": ""Gemcitabine+Cisplatin/Carboplatin"", ""Follow-up duration for primary endpoint(s) in months | Control"": null, ""Follow-up duration for primary endpoint(s) in months | Overall"": ""41.2"", ""Follow-up duration for primary endpoint(s) in months | Rx"": null, ""Included in MA"": null, ""Is PD-L1 positivity inclusion criteria"": ""No"", ""Is any other biomarker used for inclusion"": ""No"", ""Lines of treatment"": ""Only 1st line of treatment for metastatic disease"", ""Monotherapy/combination"": ""Combination"", ""NCT"": ""NCT02516241"", ""Name of ICI"": ""Durvalumab, Tremelimumab"", ""Number of arms"": 3, ""Originial publication or Follow-up"": ""Original publication"", ""Priamry Multiple, composite, or co-primary endpoints?"": ""Co-primary"", ""Primary endpoint"": ""OS"", ""PubMed ID"": ""32971005"", ""Secondary endpoint"": ""OS, PFS, ORR, DoR, DCR"", ""Total sample size"": 1032, ""Treatment regimen"": ""Durvalumab+Tremelimumab"", ""Trial name"": ""DANUBE"", ""Trial phase"": ""Phase 3"", ""Type of combination"": ""ICI+ICI"", ""Type of control"": ""Chemo"", ""Type of follow-up given"": ""Median"", ""Type of therapy"": ""Combination"", ""Year"": 2020, ""__rowid__"": 124}"
row_36,36,"In Gastric/GEJ trials, classify the ICI by target class from its generic name as PD-1, PD-L1, or CTLA-4.",Name of ICI,"[""class""]",bert,row,5,0.788510262966156,0,128,NCT02899299,33485464,CheckMate 743,"Nivolumab, Ipilimumab","{""Author"": ""Baas P et al."", ""Cancer type"": ""Mesothelioma"", ""Class of ICI"": ""PD1, CTLA-4"", ""Clincal setting in relation to surgery"": ""Metastatic+recurrent (unresectable)"", ""Clinical setting"": ""Metastatic+recurrent (unresectable)"", ""Control arm"": ""Chemo"", ""Control regimen"": ""Pemetrexed+Cisplatin/Carboplatin"", ""Follow-up duration for primary endpoint(s) in months | Control"": null, ""Follow-up duration for primary endpoint(s) in months | Overall"": ""29.7"", ""Follow-up duration for primary endpoint(s) in months | Rx"": null, ""Included in MA"": null, ""Is PD-L1 positivity inclusion criteria"": ""No"", ""Is any other biomarker used for inclusion"": ""No"", ""Lines of treatment"": ""Only 1st line of treatment for metastatic disease"", ""Monotherapy/combination"": ""Combination"", ""NCT"": ""NCT02899299"", ""Name of ICI"": ""Nivolumab, Ipilimumab"", ""Number of arms"": 2, ""Originial publication or Follow-up"": ""Original publication"", ""Priamry Multiple, composite, or co-primary endpoints?"": null, ""Primary endpoint"": ""OS"", ""PubMed ID"": ""33485464"", ""Secondary endpoint"": ""PFS, ORR, time to response, DoR, DCR"", ""Total sample size"": 605, ""Treatment regimen"": ""Nivolumab+Ipilimumab"", ""Trial name"": ""CheckMate 743"", ""Trial phase"": ""Phase 3"", ""Type of combination"": ""ICI+ICI"", ""Type of control"": ""Chemo"", ""Type of follow-up given"": ""Median"", ""Type of therapy"": ""Combination"", ""Year"": 2021, ""__rowid__"": 128}"
row_36,36,"In Gastric/GEJ trials, classify the ICI by target class from its generic name as PD-1, PD-L1, or CTLA-4.",Name of ICI,"[""class""]",bert,row,6,0.788053572177887,0,129,NCT02409342,32997907,IMpower110,Atezolizumab,"{""Author"": ""Herbst RS et al."", ""Cancer type"": ""Non-Small Cell Lung"", ""Class of ICI"": ""PD-L1"", ""Clincal setting in relation to surgery"": ""Metastatic+recurrent (unresectable)"", ""Clinical setting"": ""Metastatic+recurrent (unresectable)"", ""Control arm"": ""Chemo"", ""Control regimen"": ""Cisplatin/carboplatin+gemcitabine"", ""Follow-up duration for primary endpoint(s) in months | Control"": null, ""Follow-up duration for primary endpoint(s) in months | Overall"": ""13.4"", ""Follow-up duration for primary endpoint(s) in months | Rx"": null, ""Included in MA"": null, ""Is PD-L1 positivity inclusion criteria"": ""Yes"", ""Is any other biomarker used for inclusion"": ""Yes"", ""Lines of treatment"": ""Only 1st line of treatment for metastatic disease"", ""Monotherapy/combination"": ""Monotherapy"", ""NCT"": ""NCT02409342"", ""Name of ICI"": ""Atezolizumab"", ""Number of arms"": 2, ""Originial publication or Follow-up"": ""Original publication"", ""Priamry Multiple, composite, or co-primary endpoints?"": null, ""Primary endpoint"": ""OS"", ""PubMed ID"": ""32997907"", ""Secondary endpoint"": ""investigator-assessed PFS, DOR"", ""Total sample size"": 572, ""Treatment regimen"": ""Atezolizumab"", ""Trial name"": ""IMpower110"", ""Trial phase"": ""Phase 3"", ""Type of combination"": null, ""Type of control"": ""Chemo"", ""Type of follow-up given"": ""Median"", ""Type of therapy"": ""Monotherapy"", ""Year"": 2020, ""__rowid__"": 129}"
row_36,36,"In Gastric/GEJ trials, classify the ICI by target class from its generic name as PD-1, PD-L1, or CTLA-4.",Name of ICI,"[""class""]",bert,row,7,0.7878742814064026,0,109,NCT03434379,32402160,IMbrave150,Atezolizumab,"{""Author"": ""Finn RS et al"", ""Cancer type"": ""Hepatocellular"", ""Class of ICI"": ""PD-L1"", ""Clincal setting in relation to surgery"": ""Metastatic+recurrent (unresectable)"", ""Clinical setting"": ""Metastatic+recurrent (unresectable)"", ""Control arm"": ""TKI"", ""Control regimen"": ""Sunitinib"", ""Follow-up duration for primary endpoint(s) in months | Control"": ""13.2,4.3"", ""Follow-up duration for primary endpoint(s) in months | Overall"": null, ""Follow-up duration for primary endpoint(s) in months | Rx"": ""NE,6.8"", ""Included in MA"": ""Yes"", ""Is PD-L1 positivity inclusion criteria"": ""No"", ""Is any other biomarker used for inclusion"": ""No"", ""Lines of treatment"": ""Only 1st line of treatment for metastatic disease"", ""Monotherapy/combination"": ""Combination"", ""NCT"": ""NCT03434379"", ""Name of ICI"": ""Atezolizumab"", ""Number of arms"": 3, ""Originial publication or Follow-up"": ""Original publication"", ""Priamry Multiple, composite, or co-primary endpoints?"": ""Co-primary"", ""Primary endpoint"": ""OS+PFS"", ""PubMed ID"": ""32402160"", ""Secondary endpoint"": ""ORR, DOR, safety, tolerability"", ""Total sample size"": 336, ""Treatment regimen"": ""Atezolizumab+Bevacizumab"", ""Trial name"": ""IMbrave150"", ""Trial phase"": ""Phase 3"", ""Type of combination"": ""ICI+Anti-VEGF"", ""Type of control"": ""TKI"", ""Type of follow-up given"": ""Median"", ""Type of therapy"": ""Combination"", ""Year"": 2020, ""__rowid__"": 109}"
row_36,36,"In Gastric/GEJ trials, classify the ICI by target class from its generic name as PD-1, PD-L1, or CTLA-4.",Name of ICI,"[""class""]",bert,row,8,0.7876025438308716,0,5,NCT02685059,31095287,GeparNuevo,Durvalumab,"{""Author"": ""Loibl S et al"", ""Cancer type"": ""Breast"", ""Class of ICI"": ""PD-L1"", ""Clincal setting in relation to surgery"": ""Neoadjuvant"", ""Clinical setting"": ""Neoadjuvant"", ""Control arm"": ""Chemo"", ""Control regimen"": ""Placebo+Nab-paclitaxel+Epirubicin+Cyclophosphamide"", ""Follow-up duration for primary endpoint(s) in months | Control"": null, ""Follow-up duration for primary endpoint(s) in months | Overall"": null, ""Follow-up duration for primary endpoint(s) in months | Rx"": null, ""Included in MA"": ""Yes"", ""Is PD-L1 positivity inclusion criteria"": ""No"", ""Is any other biomarker used for inclusion"": ""No"", ""Lines of treatment"": null, ""Monotherapy/combination"": ""Combination"", ""NCT"": ""NCT02685059"", ""Name of ICI"": ""Durvalumab"", ""Number of arms"": 2, ""Originial publication or Follow-up"": ""Original publication"", ""Priamry Multiple, composite, or co-primary endpoints?"": null, ""Primary endpoint"": ""Path CR"", ""PubMed ID"": ""31095287"", ""Secondary endpoint"": ""response rate by other path CR definitions (ypT0/is ypN0, ypT0/is ypN0/þ, and ypN0) and by clinical and imaging assessment; rate of breast conserving surgery and axilla lymph node dissection; efficacy in predefined subgroups according to centrally assessed sTILs [low ( 10%), intermediate (11%–59%), high ( 60%)]"", ""Total sample size"": 174, ""Treatment regimen"": ""Durvalumab+Nab-paclitaxel+epirubicin+cyclophosphamide"", ""Trial name"": ""GeparNuevo"", ""Trial phase"": ""Phase 2"", ""Type of combination"": ""ICI+Chemo"", ""Type of control"": ""Chemo"", ""Type of follow-up given"": null, ""Type of therapy"": ""Combination"", ""Year"": 2019, ""__rowid__"": 5}"
row_36,36,"In Gastric/GEJ trials, classify the ICI by target class from its generic name as PD-1, PD-L1, or CTLA-4.",Name of ICI,"[""class""]",bert,row,9,0.7873862981796265,0,108,NCT02807636,32416780,IMvigor130,Atezolizumab,"{""Author"": ""Galsky MD et al (1)"", ""Cancer type"": ""Urothelial"", ""Class of ICI"": ""PD-L1"", ""Clincal setting in relation to surgery"": ""Metastatic+recurrent (unresectable)"", ""Clinical setting"": ""Metastatic+recurrent (unresectable)"", ""Control arm"": ""Chemo"", ""Control regimen"": ""Placebo+Gemcitabine+Carboplatin or Cisplatin"", ""Follow-up duration for primary endpoint(s) in months | Control"": ""13.1,NA"", ""Follow-up duration for primary endpoint(s) in months | Overall"": null, ""Follow-up duration for primary endpoint(s) in months | Rx"": ""15.7,NA"", ""Included in MA"": ""Yes"", ""Is PD-L1 positivity inclusion criteria"": ""No"", ""Is any other biomarker used for inclusion"": ""No"", ""Lines of treatment"": ""Only 1st line of treatment for metastatic disease"", ""Monotherapy/combination"": ""Monotherapy"", ""NCT"": ""NCT02807636"", ""Name of ICI"": ""Atezolizumab"", ""Number of arms"": 3, ""Originial publication or Follow-up"": ""Original publication"", ""Priamry Multiple, composite, or co-primary endpoints?"": ""Co-primary"", ""Primary endpoint"": ""OS+PFS"", ""PubMed ID"": ""32416780"", ""Secondary endpoint"": ""RR, DOR, PFS"", ""Total sample size"": 1213, ""Treatment regimen"": ""Atezolizumab"", ""Trial name"": ""IMvigor130"", ""Trial phase"": ""Phase 3"", ""Type of combination"": null, ""Type of control"": ""Chemo"", ""Type of follow-up given"": ""Median"", ""Type of therapy"": ""Monotherapy"", ""Year"": 2020, ""__rowid__"": 108}"
row_36,36,"In Gastric/GEJ trials, classify the ICI by target class from its generic name as PD-1, PD-L1, or CTLA-4.",Name of ICI,"[""class""]",bert,row,10,0.7873830795288086,0,83,NCT03043872,31590988,CASPIAN,"Durvalumab, Tremelimumab","{""Author"": ""Paz-Ares L et al (1)"", ""Cancer type"": ""Small Cell Lung"", ""Class of ICI"": ""PD-L1, CTLA-4"", ""Clincal setting in relation to surgery"": ""Metastatic+recurrent (unresectable)"", ""Clinical setting"": ""Metastatic+recurrent (unresectable)"", ""Control arm"": ""Chemo"", ""Control regimen"": ""Platinum+Etoposide"", ""Follow-up duration for primary endpoint(s) in months | Control"": null, ""Follow-up duration for primary endpoint(s) in months | Overall"": ""14.2"", ""Follow-up duration for primary endpoint(s) in months | Rx"": null, ""Included in MA"": ""Yes"", ""Is PD-L1 positivity inclusion criteria"": ""No"", ""Is any other biomarker used for inclusion"": ""No"", ""Lines of treatment"": ""Only 1st line of treatment for metastatic disease"", ""Monotherapy/combination"": ""Combination"", ""NCT"": ""NCT03043872"", ""Name of ICI"": ""Durvalumab, Tremelimumab"", ""Number of arms"": 3, ""Originial publication or Follow-up"": ""Original publication"", ""Priamry Multiple, composite, or co-primary endpoints?"": null, ""Primary endpoint"": ""OS"", ""PubMed ID"": ""31590988"", ""Secondary endpoint"": ""PFS; objective response; OS at 18 months; PFS at 6 and 12 months; safety; pharmacokinetics; immunogenicity; symptoms and health-related quality of life assessments."", ""Total sample size"": 805, ""Treatment regimen"": ""Durvalumab+Tremelimumab+Etoposide+Platinum agent"", ""Trial name"": ""CASPIAN"", ""Trial phase"": ""Phase 3"", ""Type of combination"": ""ICI+ICI+Chemo"", ""Type of control"": ""Chemo"", ""Type of follow-up given"": ""Median"", ""Type of therapy"": ""Combination"", ""Year"": 2019, ""__rowid__"": 83}"
row_36,36,"In Gastric/GEJ trials, classify the ICI by target class from its generic name as PD-1, PD-L1, or CTLA-4.",Name of ICI,"[""class""]",bert,row,11,0.787161648273468,0,46,NCT02366143,29863955,IMPower150,Atezolizumab,"{""Author"": ""Socinski MA et al (1)"", ""Cancer type"": ""Non-Small Cell Lung"", ""Class of ICI"": ""PD-L1"", ""Clincal setting in relation to surgery"": ""Metastatic+recurrent (unresectable)"", ""Clinical setting"": ""Metastatic+recurrent (unresectable)"", ""Control arm"": ""Chemo+Anti-VEGF"", ""Control regimen"": ""Bevacizumab+Carboplatin+Paclitaxel"", ""Follow-up duration for primary endpoint(s) in months | Control"": ""15.5"", ""Follow-up duration for primary endpoint(s) in months | Overall"": ""MIN for PFS 9.5, OS 14; MEDIAN for OS 20"", ""Follow-up duration for primary endpoint(s) in months | Rx"": ""15.4"", ""Included in MA"": ""Yes"", ""Is PD-L1 positivity inclusion criteria"": ""No"", ""Is any other biomarker used for inclusion"": ""No"", ""Lines of treatment"": ""Only 1st line of treatment for metastatic disease"", ""Monotherapy/combination"": ""Combination"", ""NCT"": ""NCT02366143"", ""Name of ICI"": ""Atezolizumab"", ""Number of arms"": 3, ""Originial publication or Follow-up"": ""Original publication"", ""Priamry Multiple, composite, or co-primary endpoints?"": ""Multiple"", ""Primary endpoint"": ""OS+PFS"", ""PubMed ID"": ""29863955"", ""Secondary endpoint"": ""PFS, OS in ITT population"", ""Total sample size"": 1202, ""Treatment regimen"": ""Atezolizumab+Carboplatin+Paclitaxel+Bevacizumab"", ""Trial name"": ""IMPower150"", ""Trial phase"": ""Phase 3"", ""Type of combination"": ""ICI+Chemo+Anti-VEGF"", ""Type of control"": ""Chemo+Anti-VEGF"", ""Type of follow-up given"": ""Minimum"", ""Type of therapy"": ""Combination"", ""Year"": 2018, ""__rowid__"": 46}"
row_36,36,"In Gastric/GEJ trials, classify the ICI by target class from its generic name as PD-1, PD-L1, or CTLA-4.",Name of ICI,"[""class""]",bert,row,12,0.7868951559066772,0,103,NCT02367794,32302702,IMpower131,Atezolizumab,"{""Author"": ""Jotte R et al (1)"", ""Cancer type"": ""Non-Small Cell Lung"", ""Class of ICI"": ""PD-L1"", ""Clincal setting in relation to surgery"": ""Metastatic+recurrent (unresectable)"", ""Clinical setting"": ""Metastatic+recurrent (unresectable)"", ""Control arm"": ""Chemo"", ""Control regimen"": ""Carboplatin+Nab-paclitaxel"", ""Follow-up duration for primary endpoint(s) in months | Control"": ""24.8, 16.1"", ""Follow-up duration for primary endpoint(s) in months | Overall"": null, ""Follow-up duration for primary endpoint(s) in months | Rx"": ""26.8, 18.1"", ""Included in MA"": ""Yes"", ""Is PD-L1 positivity inclusion criteria"": ""No"", ""Is any other biomarker used for inclusion"": ""No"", ""Lines of treatment"": ""Only 1st line of treatment for metastatic disease"", ""Monotherapy/combination"": ""Combination"", ""NCT"": ""NCT02367794"", ""Name of ICI"": ""Atezolizumab"", ""Number of arms"": 3, ""Originial publication or Follow-up"": ""Original publication"", ""Priamry Multiple, composite, or co-primary endpoints?"": ""Co-primary"", ""Primary endpoint"": ""OS+PFS"", ""PubMed ID"": ""32302702"", ""Secondary endpoint"": ""ORR, DOR, PFS and OS in PD-L1 subgroups and T-effector population; safety."", ""Total sample size"": 1021, ""Treatment regimen"": ""Atezolizumab+Carboplatin+Nab-paclitaxel"", ""Trial name"": ""IMpower131"", ""Trial phase"": ""Phase 3"", ""Type of combination"": ""ICI+Chemo"", ""Type of control"": ""Chemo"", ""Type of follow-up given"": ""Median"", ""Type of therapy"": ""Combination"", ""Year"": 2020, ""__rowid__"": 103}"
row_36,36,"In Gastric/GEJ trials, classify the ICI by target class from its generic name as PD-1, PD-L1, or CTLA-4.",Name of ICI,"[""class""]",bert,row,13,0.7868798971176147,0,81,NCT01042379,32053137,I-SPY2,Pembrolizumab,"{""Author"": ""Nanda R et al"", ""Cancer type"": ""Breast"", ""Class of ICI"": ""PD1"", ""Clincal setting in relation to surgery"": ""Neoadjuvant"", ""Clinical setting"": ""Neoadjuvant"", ""Control arm"": ""Chemo"", ""Control regimen"": ""Paclitaxel+Doxorubicin+Cyclophosphamide"", ""Follow-up duration for primary endpoint(s) in months | Control"": ""36"", ""Follow-up duration for primary endpoint(s) in months | Overall"": null, ""Follow-up duration for primary endpoint(s) in months | Rx"": ""33.6"", ""Included in MA"": ""No"", ""Is PD-L1 positivity inclusion criteria"": ""No"", ""Is any other biomarker used for inclusion"": ""Yes"", ""Lines of treatment"": null, ""Monotherapy/combination"": ""Combination"", ""NCT"": ""NCT01042379"", ""Name of ICI"": ""Pembrolizumab"", ""Number of arms"": 2, ""Originial publication or Follow-up"": ""Original publication"", ""Priamry Multiple, composite, or co-primary endpoints?"": null, ""Primary endpoint"": ""Path CR"", ""PubMed ID"": ""32053137"", ""Secondary endpoint"": ""residual cancer burden (RCB) and 3-year event-free and distant recurrence-free survival."", ""Total sample size"": 250, ""Treatment regimen"": ""Pembrolizumab+Paclitaxel"", ""Trial name"": ""I-SPY2"", ""Trial phase"": ""Phase 2"", ""Type of combination"": ""ICI+Chemo"", ""Type of control"": ""Chemo"", ""Type of follow-up given"": ""Median"", ""Type of therapy"": ""Combination"", ""Year"": 2019, ""__rowid__"": 81}"
row_36,36,"In Gastric/GEJ trials, classify the ICI by target class from its generic name as PD-1, PD-L1, or CTLA-4.",Name of ICI,"[""class""]",bert,row,14,0.7860788702964783,0,90,NCT02352948,32201234,ARCTIC,Tremelimumab,"{""Author"": ""Planchard D et al (1)"", ""Cancer type"": ""Non-Small Cell Lung"", ""Class of ICI"": ""CTLA-4"", ""Clincal setting in relation to surgery"": ""Metastatic+recurrent (unresectable)"", ""Clinical setting"": ""Metastatic+recurrent (unresectable)"", ""Control arm"": ""Chemo/TKI"", ""Control regimen"": ""Erlotinib/gemcitabine/vinorelbine"", ""Follow-up duration for primary endpoint(s) in months | Control"": null, ""Follow-up duration for primary endpoint(s) in months | Overall"": ""9.1"", ""Follow-up duration for primary endpoint(s) in months | Rx"": null, ""Included in MA"": ""Yes"", ""Is PD-L1 positivity inclusion criteria"": ""No"", ""Is any other biomarker used for inclusion"": ""No"", ""Lines of treatment"": ""Only 2nd or later line of treatment for metastatic disease"", ""Monotherapy/combination"": ""Monotherapy"", ""NCT"": ""NCT02352948"", ""Name of ICI"": ""Tremelimumab"", ""Number of arms"": 4, ""Originial publication or Follow-up"": ""Original publication"", ""Priamry Multiple, composite, or co-primary endpoints?"": ""Multiple"", ""Primary endpoint"": ""OS+PFS"", ""PubMed ID"": ""32201234"", ""Secondary endpoint"": ""OS rate at 12 months; proportion of patients alive and progression-free at 6 and 12 months; ORR; DoR."", ""Total sample size"": 595, ""Treatment regimen"": ""Tremelimumab"", ""Trial name"": ""ARCTIC"", ""Trial phase"": ""Phase 3"", ""Type of combination"": null, ""Type of control"": ""Chemo/TKI"", ""Type of follow-up given"": ""Median"", ""Type of therapy"": ""Monotherapy"", ""Year"": 2020, ""__rowid__"": 90}"
row_36,36,"In Gastric/GEJ trials, classify the ICI by target class from its generic name as PD-1, PD-L1, or CTLA-4.",Name of ICI,"[""class""]",bert,row,15,0.785941481590271,0,102,NCT02367794,32302702,IMpower131,Atezolizumab,"{""Author"": ""Jotte R et al"", ""Cancer type"": ""Non-Small Cell Lung"", ""Class of ICI"": ""PD-L1"", ""Clincal setting in relation to surgery"": ""Metastatic+recurrent (unresectable)"", ""Clinical setting"": ""Metastatic+recurrent (unresectable)"", ""Control arm"": ""Chemo"", ""Control regimen"": ""Carboplatin+Nab-paclitaxel"", ""Follow-up duration for primary endpoint(s) in months | Control"": ""24.8, 16.1"", ""Follow-up duration for primary endpoint(s) in months | Overall"": null, ""Follow-up duration for primary endpoint(s) in months | Rx"": null, ""Included in MA"": ""Yes"", ""Is PD-L1 positivity inclusion criteria"": ""No"", ""Is any other biomarker used for inclusion"": ""No"", ""Lines of treatment"": ""Only 1st line of treatment for metastatic disease"", ""Monotherapy/combination"": ""Combination"", ""NCT"": ""NCT02367794"", ""Name of ICI"": ""Atezolizumab"", ""Number of arms"": 3, ""Originial publication or Follow-up"": ""Original publication"", ""Priamry Multiple, composite, or co-primary endpoints?"": ""Co-primary"", ""Primary endpoint"": ""OS+PFS"", ""PubMed ID"": ""32302702"", ""Secondary endpoint"": ""ORR, DOR, PFS and OS in PD-L1 subgroups and T-effector population; safety."", ""Total sample size"": 1021, ""Treatment regimen"": ""Atezolizumab+Carboplatin+Paclitaxel"", ""Trial name"": ""IMpower131"", ""Trial phase"": ""Phase 3"", ""Type of combination"": ""ICI+Chemo"", ""Type of control"": ""Chemo"", ""Type of follow-up given"": ""Median"", ""Type of therapy"": ""Combination"", ""Year"": 2020, ""__rowid__"": 102}"
row_36,36,"In Gastric/GEJ trials, classify the ICI by target class from its generic name as PD-1, PD-L1, or CTLA-4.",Name of ICI,"[""class""]",bert,row,16,0.7858843803405762,0,100,NCT02453282,32271377,MYSTIC,"Durvalumab, Tremelimumab","{""Author"": ""Rizvi NA et al (1)"", ""Cancer type"": ""Non-Small Cell Lung"", ""Class of ICI"": ""PD-L1, CTLA-4"", ""Clincal setting in relation to surgery"": ""Metastatic+recurrent (unresectable)"", ""Clinical setting"": ""Metastatic+recurrent (unresectable)"", ""Control arm"": ""Chemo"", ""Control regimen"": ""Investigator's choice chemotherapy"", ""Follow-up duration for primary endpoint(s) in months | Control"": null, ""Follow-up duration for primary endpoint(s) in months | Overall"": ""30.2, 10.6"", ""Follow-up duration for primary endpoint(s) in months | Rx"": null, ""Included in MA"": ""Yes"", ""Is PD-L1 positivity inclusion criteria"": ""No"", ""Is any other biomarker used for inclusion"": ""Yes"", ""Lines of treatment"": ""Only 1st line of treatment for metastatic disease"", ""Monotherapy/combination"": ""Combination"", ""NCT"": ""NCT02453282"", ""Name of ICI"": ""Durvalumab, Tremelimumab"", ""Number of arms"": 3, ""Originial publication or Follow-up"": ""Original publication"", ""Priamry Multiple, composite, or co-primary endpoints?"": ""Multiple"", ""Primary endpoint"": ""OS+PFS"", ""PubMed ID"": ""32271377"", ""Secondary endpoint"": ""PFS for durvalumab vs. chemotherapy; ORR and DOR in patients with PD-L1 TC ≥25%; safety and tolerability."", ""Total sample size"": 1118, ""Treatment regimen"": ""Durvalumab+Tremelimumab"", ""Trial name"": ""MYSTIC"", ""Trial phase"": ""Phase 3"", ""Type of combination"": ""ICI+ICI"", ""Type of control"": ""Chemo"", ""Type of follow-up given"": ""Median"", ""Type of therapy"": ""Combination"", ""Year"": 2020, ""__rowid__"": 100}"
row_36,36,"In Gastric/GEJ trials, classify the ICI by target class from its generic name as PD-1, PD-L1, or CTLA-4.",Name of ICI,"[""class""]",bert,row,17,0.7857766151428223,0,53,NCT03059667,30664989,IFCT-1603,Atezolizumab,"{""Author"": ""Pujol JL et al"", ""Cancer type"": ""Small Cell Lung"", ""Class of ICI"": ""PD-L1"", ""Clincal setting in relation to surgery"": ""Metastatic+recurrent (unresectable)"", ""Clinical setting"": ""Metastatic+recurrent (unresectable)"", ""Control arm"": ""Chemo"", ""Control regimen"": ""Etoposide+Carboplatin/Topotecan"", ""Follow-up duration for primary endpoint(s) in months | Control"": null, ""Follow-up duration for primary endpoint(s) in months | Overall"": ""13.7"", ""Follow-up duration for primary endpoint(s) in months | Rx"": null, ""Included in MA"": ""No"", ""Is PD-L1 positivity inclusion criteria"": ""No"", ""Is any other biomarker used for inclusion"": ""No"", ""Lines of treatment"": ""Only 2nd or later line of treatment for metastatic disease"", ""Monotherapy/combination"": ""Monotherapy"", ""NCT"": ""NCT03059667"", ""Name of ICI"": ""Atezolizumab"", ""Number of arms"": 2, ""Originial publication or Follow-up"": ""Original publication"", ""Priamry Multiple, composite, or co-primary endpoints?"": null, ""Primary endpoint"": ""ORR"", ""PubMed ID"": ""30664989"", ""Secondary endpoint"": ""OS, PFS, RR, Disease progression/Death, QoL"", ""Total sample size"": 73, ""Treatment regimen"": ""Atezolizumab"", ""Trial name"": ""IFCT-1603"", ""Trial phase"": ""Phase 2"", ""Type of combination"": null, ""Type of control"": ""Chemo"", ""Type of follow-up given"": ""Median"", ""Type of therapy"": ""Monotherapy"", ""Year"": 2019, ""__rowid__"": 53}"
row_36,36,"In Gastric/GEJ trials, classify the ICI by target class from its generic name as PD-1, PD-L1, or CTLA-4.",Name of ICI,"[""class""]",bert,row,18,0.7856708765029907,0,18,NCT02231749,29562145,CheckMate 214,"Nivolumab, Ipilimumab","{""Author"": ""Motzer RJ et al"", ""Cancer type"": ""Renal cell"", ""Class of ICI"": ""PD1, CTLA-4"", ""Clincal setting in relation to surgery"": ""Metastatic+recurrent (unresectable)"", ""Clinical setting"": ""Metastatic+recurrent (unresectable)"", ""Control arm"": ""TKI"", ""Control regimen"": ""Sunitinib"", ""Follow-up duration for primary endpoint(s) in months | Control"": null, ""Follow-up duration for primary endpoint(s) in months | Overall"": ""25.2"", ""Follow-up duration for primary endpoint(s) in months | Rx"": null, ""Included in MA"": ""Yes"", ""Is PD-L1 positivity inclusion criteria"": ""No"", ""Is any other biomarker used for inclusion"": ""No"", ""Lines of treatment"": ""Only 1st line of treatment for metastatic disease"", ""Monotherapy/combination"": ""Combination"", ""NCT"": ""NCT02231749"", ""Name of ICI"": ""Nivolumab, Ipilimumab"", ""Number of arms"": 2, ""Originial publication or Follow-up"": ""Original publication"", ""Priamry Multiple, composite, or co-primary endpoints?"": ""Co-primary"", ""Primary endpoint"": ""OS+PFS+ORR"", ""PubMed ID"": ""29562145"", ""Secondary endpoint"": ""ORR, PFS and OS in \nintention-to-treat population; incidence rate of adverse events among all treated patients."", ""Total sample size"": 1096, ""Treatment regimen"": ""Nivolumab+Ipilimumab"", ""Trial name"": ""CheckMate 214"", ""Trial phase"": ""Phase 3"", ""Type of combination"": ""ICI+ICI"", ""Type of control"": ""TKI"", ""Type of follow-up given"": ""Median"", ""Type of therapy"": ""Combination"", ""Year"": 2018, ""__rowid__"": 18}"
row_36,36,"In Gastric/GEJ trials, classify the ICI by target class from its generic name as PD-1, PD-L1, or CTLA-4.",Name of ICI,"[""class""]",bert,row,19,0.785662055015564,1,121,NCT02494583,32880601,Keynote-062,Pembrolizumab,"{""Author"": ""Shitara K et al (1)"", ""Cancer type"": ""Gastric/GEJ"", ""Class of ICI"": ""PD1"", ""Clincal setting in relation to surgery"": ""Metastatic+recurrent (unresectable)"", ""Clinical setting"": ""Metastatic+recurrent (unresectable)"", ""Control arm"": ""Chemo"", ""Control regimen"": ""Placebo+Cisplatin+5-FU+Capecitabine"", ""Follow-up duration for primary endpoint(s) in months | Control"": null, ""Follow-up duration for primary endpoint(s) in months | Overall"": ""29.4"", ""Follow-up duration for primary endpoint(s) in months | Rx"": null, ""Included in MA"": null, ""Is PD-L1 positivity inclusion criteria"": ""Yes"", ""Is any other biomarker used for inclusion"": ""Yes"", ""Lines of treatment"": ""Only 1st line of treatment for metastatic disease"", ""Monotherapy/combination"": ""Combination"", ""NCT"": ""NCT02494583"", ""Name of ICI"": ""Pembrolizumab"", ""Number of arms"": 3, ""Originial publication or Follow-up"": ""Original publication"", ""Priamry Multiple, composite, or co-primary endpoints?"": ""Multiple"", ""Primary endpoint"": ""OS+PFS"", ""PubMed ID"": ""32880601"", ""Secondary endpoint"": ""ORR, DoR, safety, tolerability, HRQOL"", ""Total sample size"": 763, ""Treatment regimen"": ""Pembrolizumab+Cisplatin+5-FU+Capecitabine"", ""Trial name"": ""Keynote-062"", ""Trial phase"": ""Phase 3"", ""Type of combination"": ""ICI+Chemo"", ""Type of control"": ""Chemo"", ""Type of follow-up given"": ""Median"", ""Type of therapy"": ""Combination"", ""Year"": 2020, ""__rowid__"": 121}"
row_36,36,"In Gastric/GEJ trials, classify the ICI by target class from its generic name as PD-1, PD-L1, or CTLA-4.",Name of ICI,"[""class""]",bert,row,20,0.7856016159057617,0,91,NCT02352948,32201234,ARCTIC,"Durvalumab, Tremelimumab","{""Author"": ""Planchard D et al (2)"", ""Cancer type"": ""Non-Small Cell Lung"", ""Class of ICI"": ""PD-L1, CTLA-4"", ""Clincal setting in relation to surgery"": ""Metastatic+recurrent (unresectable)"", ""Clinical setting"": ""Metastatic+recurrent (unresectable)"", ""Control arm"": ""Chemo/TKI"", ""Control regimen"": ""Erlotinib/gemcitabine/vinorelbine"", ""Follow-up duration for primary endpoint(s) in months | Control"": null, ""Follow-up duration for primary endpoint(s) in months | Overall"": ""9.1"", ""Follow-up duration for primary endpoint(s) in months | Rx"": null, ""Included in MA"": ""Yes"", ""Is PD-L1 positivity inclusion criteria"": ""No"", ""Is any other biomarker used for inclusion"": ""No"", ""Lines of treatment"": ""Only 2nd or later line of treatment for metastatic disease"", ""Monotherapy/combination"": ""Combination"", ""NCT"": ""NCT02352948"", ""Name of ICI"": ""Durvalumab, Tremelimumab"", ""Number of arms"": 4, ""Originial publication or Follow-up"": ""Original publication"", ""Priamry Multiple, composite, or co-primary endpoints?"": ""Multiple"", ""Primary endpoint"": ""OS+PFS"", ""PubMed ID"": ""32201234"", ""Secondary endpoint"": ""OS rate at 12 months; proportion of patients alive and progression-free at 6 and 12 months; ORR; DoR."", ""Total sample size"": 595, ""Treatment regimen"": ""Durvalumab+Tremelimumab"", ""Trial name"": ""ARCTIC"", ""Trial phase"": ""Phase 3"", ""Type of combination"": ""ICI+ICI"", ""Type of control"": ""Chemo/TKI"", ""Type of follow-up given"": ""Median"", ""Type of therapy"": ""Combination"", ""Year"": 2020, ""__rowid__"": 91}"
row_36,36,"In Gastric/GEJ trials, classify the ICI by target class from its generic name as PD-1, PD-L1, or CTLA-4.",Name of ICI,"[""class""]",bert,tuple,1,0.8194265365600586,0,5,NCT02685059,31095287,GeparNuevo,Durvalumab,"{""Author"": ""Loibl S et al"", ""Cancer type"": ""Breast"", ""Class of ICI"": ""PD-L1"", ""Clincal setting in relation to surgery"": ""Neoadjuvant"", ""Clinical setting"": ""Neoadjuvant"", ""Control arm"": ""Chemo"", ""Control regimen"": ""Placebo+Nab-paclitaxel+Epirubicin+Cyclophosphamide"", ""Follow-up duration for primary endpoint(s) in months | Control"": null, ""Follow-up duration for primary endpoint(s) in months | Overall"": null, ""Follow-up duration for primary endpoint(s) in months | Rx"": null, ""Included in MA"": ""Yes"", ""Is PD-L1 positivity inclusion criteria"": ""No"", ""Is any other biomarker used for inclusion"": ""No"", ""Lines of treatment"": null, ""Monotherapy/combination"": ""Combination"", ""NCT"": ""NCT02685059"", ""Name of ICI"": ""Durvalumab"", ""Number of arms"": 2, ""Originial publication or Follow-up"": ""Original publication"", ""Priamry Multiple, composite, or co-primary endpoints?"": null, ""Primary endpoint"": ""Path CR"", ""PubMed ID"": ""31095287"", ""Secondary endpoint"": ""response rate by other path CR definitions (ypT0/is ypN0, ypT0/is ypN0/þ, and ypN0) and by clinical and imaging assessment; rate of breast conserving surgery and axilla lymph node dissection; efficacy in predefined subgroups according to centrally assessed sTILs [low ( 10%), intermediate (11%–59%), high ( 60%)]"", ""Total sample size"": 174, ""Treatment regimen"": ""Durvalumab+Nab-paclitaxel+epirubicin+cyclophosphamide"", ""Trial name"": ""GeparNuevo"", ""Trial phase"": ""Phase 2"", ""Type of combination"": ""ICI+Chemo"", ""Type of control"": ""Chemo"", ""Type of follow-up given"": null, ""Type of therapy"": ""Combination"", ""Year"": 2019, ""__rowid__"": 5}"
row_36,36,"In Gastric/GEJ trials, classify the ICI by target class from its generic name as PD-1, PD-L1, or CTLA-4.",Name of ICI,"[""class""]",bert,tuple,2,0.814859926700592,0,109,NCT03434379,32402160,IMbrave150,Atezolizumab,"{""Author"": ""Finn RS et al"", ""Cancer type"": ""Hepatocellular"", ""Class of ICI"": ""PD-L1"", ""Clincal setting in relation to surgery"": ""Metastatic+recurrent (unresectable)"", ""Clinical setting"": ""Metastatic+recurrent (unresectable)"", ""Control arm"": ""TKI"", ""Control regimen"": ""Sunitinib"", ""Follow-up duration for primary endpoint(s) in months | Control"": ""13.2,4.3"", ""Follow-up duration for primary endpoint(s) in months | Overall"": null, ""Follow-up duration for primary endpoint(s) in months | Rx"": ""NE,6.8"", ""Included in MA"": ""Yes"", ""Is PD-L1 positivity inclusion criteria"": ""No"", ""Is any other biomarker used for inclusion"": ""No"", ""Lines of treatment"": ""Only 1st line of treatment for metastatic disease"", ""Monotherapy/combination"": ""Combination"", ""NCT"": ""NCT03434379"", ""Name of ICI"": ""Atezolizumab"", ""Number of arms"": 3, ""Originial publication or Follow-up"": ""Original publication"", ""Priamry Multiple, composite, or co-primary endpoints?"": ""Co-primary"", ""Primary endpoint"": ""OS+PFS"", ""PubMed ID"": ""32402160"", ""Secondary endpoint"": ""ORR, DOR, safety, tolerability"", ""Total sample size"": 336, ""Treatment regimen"": ""Atezolizumab+Bevacizumab"", ""Trial name"": ""IMbrave150"", ""Trial phase"": ""Phase 3"", ""Type of combination"": ""ICI+Anti-VEGF"", ""Type of control"": ""TKI"", ""Type of follow-up given"": ""Median"", ""Type of therapy"": ""Combination"", ""Year"": 2020, ""__rowid__"": 109}"
row_36,36,"In Gastric/GEJ trials, classify the ICI by target class from its generic name as PD-1, PD-L1, or CTLA-4.",Name of ICI,"[""class""]",bert,tuple,3,0.8146923184394836,0,103,NCT02367794,32302702,IMpower131,Atezolizumab,"{""Author"": ""Jotte R et al (1)"", ""Cancer type"": ""Non-Small Cell Lung"", ""Class of ICI"": ""PD-L1"", ""Clincal setting in relation to surgery"": ""Metastatic+recurrent (unresectable)"", ""Clinical setting"": ""Metastatic+recurrent (unresectable)"", ""Control arm"": ""Chemo"", ""Control regimen"": ""Carboplatin+Nab-paclitaxel"", ""Follow-up duration for primary endpoint(s) in months | Control"": ""24.8, 16.1"", ""Follow-up duration for primary endpoint(s) in months | Overall"": null, ""Follow-up duration for primary endpoint(s) in months | Rx"": ""26.8, 18.1"", ""Included in MA"": ""Yes"", ""Is PD-L1 positivity inclusion criteria"": ""No"", ""Is any other biomarker used for inclusion"": ""No"", ""Lines of treatment"": ""Only 1st line of treatment for metastatic disease"", ""Monotherapy/combination"": ""Combination"", ""NCT"": ""NCT02367794"", ""Name of ICI"": ""Atezolizumab"", ""Number of arms"": 3, ""Originial publication or Follow-up"": ""Original publication"", ""Priamry Multiple, composite, or co-primary endpoints?"": ""Co-primary"", ""Primary endpoint"": ""OS+PFS"", ""PubMed ID"": ""32302702"", ""Secondary endpoint"": ""ORR, DOR, PFS and OS in PD-L1 subgroups and T-effector population; safety."", ""Total sample size"": 1021, ""Treatment regimen"": ""Atezolizumab+Carboplatin+Nab-paclitaxel"", ""Trial name"": ""IMpower131"", ""Trial phase"": ""Phase 3"", ""Type of combination"": ""ICI+Chemo"", ""Type of control"": ""Chemo"", ""Type of follow-up given"": ""Median"", ""Type of therapy"": ""Combination"", ""Year"": 2020, ""__rowid__"": 103}"
row_36,36,"In Gastric/GEJ trials, classify the ICI by target class from its generic name as PD-1, PD-L1, or CTLA-4.",Name of ICI,"[""class""]",bert,tuple,4,0.8141015768051147,0,102,NCT02367794,32302702,IMpower131,Atezolizumab,"{""Author"": ""Jotte R et al"", ""Cancer type"": ""Non-Small Cell Lung"", ""Class of ICI"": ""PD-L1"", ""Clincal setting in relation to surgery"": ""Metastatic+recurrent (unresectable)"", ""Clinical setting"": ""Metastatic+recurrent (unresectable)"", ""Control arm"": ""Chemo"", ""Control regimen"": ""Carboplatin+Nab-paclitaxel"", ""Follow-up duration for primary endpoint(s) in months | Control"": ""24.8, 16.1"", ""Follow-up duration for primary endpoint(s) in months | Overall"": null, ""Follow-up duration for primary endpoint(s) in months | Rx"": null, ""Included in MA"": ""Yes"", ""Is PD-L1 positivity inclusion criteria"": ""No"", ""Is any other biomarker used for inclusion"": ""No"", ""Lines of treatment"": ""Only 1st line of treatment for metastatic disease"", ""Monotherapy/combination"": ""Combination"", ""NCT"": ""NCT02367794"", ""Name of ICI"": ""Atezolizumab"", ""Number of arms"": 3, ""Originial publication or Follow-up"": ""Original publication"", ""Priamry Multiple, composite, or co-primary endpoints?"": ""Co-primary"", ""Primary endpoint"": ""OS+PFS"", ""PubMed ID"": ""32302702"", ""Secondary endpoint"": ""ORR, DOR, PFS and OS in PD-L1 subgroups and T-effector population; safety."", ""Total sample size"": 1021, ""Treatment regimen"": ""Atezolizumab+Carboplatin+Paclitaxel"", ""Trial name"": ""IMpower131"", ""Trial phase"": ""Phase 3"", ""Type of combination"": ""ICI+Chemo"", ""Type of control"": ""Chemo"", ""Type of follow-up given"": ""Median"", ""Type of therapy"": ""Combination"", ""Year"": 2020, ""__rowid__"": 102}"
row_36,36,"In Gastric/GEJ trials, classify the ICI by target class from its generic name as PD-1, PD-L1, or CTLA-4.",Name of ICI,"[""class""]",bert,tuple,5,0.811609148979187,0,140,NCT02563002,33264544,MK-3475/Keynote-177,Pembrolizumab,"{""Author"": ""Andre T et al."", ""Cancer type"": ""Colorectal"", ""Class of ICI"": ""PD1"", ""Clincal setting in relation to surgery"": ""Metastatic+recurrent (unresectable)"", ""Clinical setting"": ""Metastatic+recurrent (unresectable)"", ""Control arm"": ""Chemo"", ""Control regimen"": ""Oxaliplatin+ leucovorin+5-fluoropyrimidine/mFOLFOX6+bevacizumab/mFOLFOX6+cetuximab"", ""Follow-up duration for primary endpoint(s) in months | Control"": null, ""Follow-up duration for primary endpoint(s) in months | Overall"": ""32.4"", ""Follow-up duration for primary endpoint(s) in months | Rx"": null, ""Included in MA"": null, ""Is PD-L1 positivity inclusion criteria"": ""No"", ""Is any other biomarker used for inclusion"": ""Yes"", ""Lines of treatment"": ""1st and later line of treatment for metastatic disease"", ""Monotherapy/combination"": ""Monotherapy"", ""NCT"": ""NCT02563002"", ""Name of ICI"": ""Pembrolizumab"", ""Number of arms"": 2, ""Originial publication or Follow-up"": ""Original publication"", ""Priamry Multiple, composite, or co-primary endpoints?"": ""Multiple"", ""Primary endpoint"": ""PFS+OS"", ""PubMed ID"": ""33264544"", ""Secondary endpoint"": ""ORR, safety"", ""Total sample size"": 307, ""Treatment regimen"": ""Pembrolizumab"", ""Trial name"": ""MK-3475/Keynote-177"", ""Trial phase"": ""Phase 3"", ""Type of combination"": null, ""Type of control"": ""Chemo"", ""Type of follow-up given"": ""Median"", ""Type of therapy"": ""Monotherapy"", ""Year"": 2020, ""__rowid__"": 140}"
row_36,36,"In Gastric/GEJ trials, classify the ICI by target class from its generic name as PD-1, PD-L1, or CTLA-4.",Name of ICI,"[""class""]",bert,tuple,6,0.811407208442688,0,129,NCT02409342,32997907,IMpower110,Atezolizumab,"{""Author"": ""Herbst RS et al."", ""Cancer type"": ""Non-Small Cell Lung"", ""Class of ICI"": ""PD-L1"", ""Clincal setting in relation to surgery"": ""Metastatic+recurrent (unresectable)"", ""Clinical setting"": ""Metastatic+recurrent (unresectable)"", ""Control arm"": ""Chemo"", ""Control regimen"": ""Cisplatin/carboplatin+gemcitabine"", ""Follow-up duration for primary endpoint(s) in months | Control"": null, ""Follow-up duration for primary endpoint(s) in months | Overall"": ""13.4"", ""Follow-up duration for primary endpoint(s) in months | Rx"": null, ""Included in MA"": null, ""Is PD-L1 positivity inclusion criteria"": ""Yes"", ""Is any other biomarker used for inclusion"": ""Yes"", ""Lines of treatment"": ""Only 1st line of treatment for metastatic disease"", ""Monotherapy/combination"": ""Monotherapy"", ""NCT"": ""NCT02409342"", ""Name of ICI"": ""Atezolizumab"", ""Number of arms"": 2, ""Originial publication or Follow-up"": ""Original publication"", ""Priamry Multiple, composite, or co-primary endpoints?"": null, ""Primary endpoint"": ""OS"", ""PubMed ID"": ""32997907"", ""Secondary endpoint"": ""investigator-assessed PFS, DOR"", ""Total sample size"": 572, ""Treatment regimen"": ""Atezolizumab"", ""Trial name"": ""IMpower110"", ""Trial phase"": ""Phase 3"", ""Type of combination"": null, ""Type of control"": ""Chemo"", ""Type of follow-up given"": ""Median"", ""Type of therapy"": ""Monotherapy"", ""Year"": 2020, ""__rowid__"": 129}"
row_36,36,"In Gastric/GEJ trials, classify the ICI by target class from its generic name as PD-1, PD-L1, or CTLA-4.",Name of ICI,"[""class""]",bert,tuple,7,0.8113418817520142,0,62,NCT02362594,29658430,EORTC 1325-MG/KEYNOTE-054,Pembrolizumab,"{""Author"": ""Eggermont AMM et al"", ""Cancer type"": ""Melanoma"", ""Class of ICI"": ""PD1"", ""Clincal setting in relation to surgery"": ""Adjuvant"", ""Clinical setting"": ""Adjuvant"", ""Control arm"": ""Placebo"", ""Control regimen"": ""Placebo"", ""Follow-up duration for primary endpoint(s) in months | Control"": ""15.4"", ""Follow-up duration for primary endpoint(s) in months | Overall"": ""15.1"", ""Follow-up duration for primary endpoint(s) in months | Rx"": ""14.7"", ""Included in MA"": ""Yes"", ""Is PD-L1 positivity inclusion criteria"": ""No"", ""Is any other biomarker used for inclusion"": ""No"", ""Lines of treatment"": null, ""Monotherapy/combination"": ""Monotherapy"", ""NCT"": ""NCT02362594"", ""Name of ICI"": ""Pembrolizumab"", ""Number of arms"": 2, ""Originial publication or Follow-up"": ""Original publication"", ""Priamry Multiple, composite, or co-primary endpoints?"": null, ""Primary endpoint"": ""PFS"", ""PubMed ID"": ""29658430"", ""Secondary endpoint"": ""Distant metastasis-free survival; OS; safety measures; measures of health-related quality of life."", ""Total sample size"": 1019, ""Treatment regimen"": ""Pembrolizumab"", ""Trial name"": ""EORTC 1325-MG/KEYNOTE-054"", ""Trial phase"": ""Phase 3"", ""Type of combination"": null, ""Type of control"": ""Placebo"", ""Type of follow-up given"": ""Median"", ""Type of therapy"": ""Monotherapy"", ""Year"": 2018, ""__rowid__"": 62}"
row_36,36,"In Gastric/GEJ trials, classify the ICI by target class from its generic name as PD-1, PD-L1, or CTLA-4.",Name of ICI,"[""class""]",bert,tuple,8,0.8111813068389893,0,108,NCT02807636,32416780,IMvigor130,Atezolizumab,"{""Author"": ""Galsky MD et al (1)"", ""Cancer type"": ""Urothelial"", ""Class of ICI"": ""PD-L1"", ""Clincal setting in relation to surgery"": ""Metastatic+recurrent (unresectable)"", ""Clinical setting"": ""Metastatic+recurrent (unresectable)"", ""Control arm"": ""Chemo"", ""Control regimen"": ""Placebo+Gemcitabine+Carboplatin or Cisplatin"", ""Follow-up duration for primary endpoint(s) in months | Control"": ""13.1,NA"", ""Follow-up duration for primary endpoint(s) in months | Overall"": null, ""Follow-up duration for primary endpoint(s) in months | Rx"": ""15.7,NA"", ""Included in MA"": ""Yes"", ""Is PD-L1 positivity inclusion criteria"": ""No"", ""Is any other biomarker used for inclusion"": ""No"", ""Lines of treatment"": ""Only 1st line of treatment for metastatic disease"", ""Monotherapy/combination"": ""Monotherapy"", ""NCT"": ""NCT02807636"", ""Name of ICI"": ""Atezolizumab"", ""Number of arms"": 3, ""Originial publication or Follow-up"": ""Original publication"", ""Priamry Multiple, composite, or co-primary endpoints?"": ""Co-primary"", ""Primary endpoint"": ""OS+PFS"", ""PubMed ID"": ""32416780"", ""Secondary endpoint"": ""RR, DOR, PFS"", ""Total sample size"": 1213, ""Treatment regimen"": ""Atezolizumab"", ""Trial name"": ""IMvigor130"", ""Trial phase"": ""Phase 3"", ""Type of combination"": null, ""Type of control"": ""Chemo"", ""Type of follow-up given"": ""Median"", ""Type of therapy"": ""Monotherapy"", ""Year"": 2020, ""__rowid__"": 108}"
row_36,36,"In Gastric/GEJ trials, classify the ICI by target class from its generic name as PD-1, PD-L1, or CTLA-4.",Name of ICI,"[""class""]",bert,tuple,9,0.8111290335655212,0,45,NCT02366143,29863955,IMPower150,Atezolizumab,"{""Author"": ""Socinski MA et al"", ""Cancer type"": ""Non-Small Cell Lung"", ""Class of ICI"": ""PD-L1"", ""Clincal setting in relation to surgery"": ""Metastatic+recurrent (unresectable)"", ""Clinical setting"": ""Metastatic+recurrent (unresectable)"", ""Control arm"": ""Chemo+Anti-VEGF"", ""Control regimen"": ""Bevacizumab+Carboplatin+Paclitaxel"", ""Follow-up duration for primary endpoint(s) in months | Control"": null, ""Follow-up duration for primary endpoint(s) in months | Overall"": ""MIN for PFS 9.5, OS 14; MEDIAN for OS 20"", ""Follow-up duration for primary endpoint(s) in months | Rx"": null, ""Included in MA"": ""Yes"", ""Is PD-L1 positivity inclusion criteria"": ""No"", ""Is any other biomarker used for inclusion"": ""No"", ""Lines of treatment"": ""Only 1st line of treatment for metastatic disease"", ""Monotherapy/combination"": ""Combination"", ""NCT"": ""NCT02366143"", ""Name of ICI"": ""Atezolizumab"", ""Number of arms"": 3, ""Originial publication or Follow-up"": ""Original publication"", ""Priamry Multiple, composite, or co-primary endpoints?"": ""Multiple"", ""Primary endpoint"": ""OS+PFS"", ""PubMed ID"": ""29863955"", ""Secondary endpoint"": ""PFS, OS in ITT population"", ""Total sample size"": 1202, ""Treatment regimen"": ""Atezolizumab+Carboplatin+Paclitaxel"", ""Trial name"": ""IMPower150"", ""Trial phase"": ""Phase 3"", ""Type of combination"": ""ICI+Chemo"", ""Type of control"": ""Chemo+Anti-VEGF"", ""Type of follow-up given"": ""Minimum"", ""Type of therapy"": ""Combination"", ""Year"": 2018, ""__rowid__"": 45}"
row_36,36,"In Gastric/GEJ trials, classify the ICI by target class from its generic name as PD-1, PD-L1, or CTLA-4.",Name of ICI,"[""class""]",bert,tuple,10,0.8111070394515991,0,53,NCT03059667,30664989,IFCT-1603,Atezolizumab,"{""Author"": ""Pujol JL et al"", ""Cancer type"": ""Small Cell Lung"", ""Class of ICI"": ""PD-L1"", ""Clincal setting in relation to surgery"": ""Metastatic+recurrent (unresectable)"", ""Clinical setting"": ""Metastatic+recurrent (unresectable)"", ""Control arm"": ""Chemo"", ""Control regimen"": ""Etoposide+Carboplatin/Topotecan"", ""Follow-up duration for primary endpoint(s) in months | Control"": null, ""Follow-up duration for primary endpoint(s) in months | Overall"": ""13.7"", ""Follow-up duration for primary endpoint(s) in months | Rx"": null, ""Included in MA"": ""No"", ""Is PD-L1 positivity inclusion criteria"": ""No"", ""Is any other biomarker used for inclusion"": ""No"", ""Lines of treatment"": ""Only 2nd or later line of treatment for metastatic disease"", ""Monotherapy/combination"": ""Monotherapy"", ""NCT"": ""NCT03059667"", ""Name of ICI"": ""Atezolizumab"", ""Number of arms"": 2, ""Originial publication or Follow-up"": ""Original publication"", ""Priamry Multiple, composite, or co-primary endpoints?"": null, ""Primary endpoint"": ""ORR"", ""PubMed ID"": ""30664989"", ""Secondary endpoint"": ""OS, PFS, RR, Disease progression/Death, QoL"", ""Total sample size"": 73, ""Treatment regimen"": ""Atezolizumab"", ""Trial name"": ""IFCT-1603"", ""Trial phase"": ""Phase 2"", ""Type of combination"": null, ""Type of control"": ""Chemo"", ""Type of follow-up given"": ""Median"", ""Type of therapy"": ""Monotherapy"", ""Year"": 2019, ""__rowid__"": 53}"
row_36,36,"In Gastric/GEJ trials, classify the ICI by target class from its generic name as PD-1, PD-L1, or CTLA-4.",Name of ICI,"[""class""]",bert,tuple,11,0.8106163740158081,0,92,NCT03036488,32101663,KEYNOTE-522,Pembrolizumab,"{""Author"": ""Schmid P et al"", ""Cancer type"": ""Breast"", ""Class of ICI"": ""PD1"", ""Clincal setting in relation to surgery"": ""Neoadjuvant"", ""Clinical setting"": ""Neoadjuvant"", ""Control arm"": ""Chemo"", ""Control regimen"": ""Placebo+Paclitaxel+Carboplatin"", ""Follow-up duration for primary endpoint(s) in months | Control"": null, ""Follow-up duration for primary endpoint(s) in months | Overall"": ""15.5"", ""Follow-up duration for primary endpoint(s) in months | Rx"": null, ""Included in MA"": ""No"", ""Is PD-L1 positivity inclusion criteria"": ""No"", ""Is any other biomarker used for inclusion"": ""Yes"", ""Lines of treatment"": null, ""Monotherapy/combination"": ""Combination"", ""NCT"": ""NCT03036488"", ""Name of ICI"": ""Pembrolizumab"", ""Number of arms"": 2, ""Originial publication or Follow-up"": ""Original publication"", ""Priamry Multiple, composite, or co-primary endpoints?"": ""Co-primary"", ""Primary endpoint"": ""Path CR+EFS"", ""PubMed ID"": ""32101663"", ""Secondary endpoint"": ""pathological complete response, a pathological complete response according to all definitions in patients with PD-L1–positive tumors, eventfree survival among patients with PD-L1–positive tumors, and OS among all patients and patients with PD-L1–positive tumors."", ""Total sample size"": 1174, ""Treatment regimen"": ""Pembrolizumab+Paclitaxel+Carboplatin"", ""Trial name"": ""KEYNOTE-522"", ""Trial phase"": ""Phase 3"", ""Type of combination"": ""ICI+Chemo"", ""Type of control"": ""Chemo"", ""Type of follow-up given"": ""Median"", ""Type of therapy"": ""Combination"", ""Year"": 2020, ""__rowid__"": 92}"
row_36,36,"In Gastric/GEJ trials, classify the ICI by target class from its generic name as PD-1, PD-L1, or CTLA-4.",Name of ICI,"[""class""]",bert,tuple,12,0.8105998635292053,0,22,NCT02420821,31079938,IMmotion151,Atezolizumab,"{""Author"": ""Rini BI et al"", ""Cancer type"": ""Renal cell"", ""Class of ICI"": ""PD-L1"", ""Clincal setting in relation to surgery"": ""Metastatic+recurrent (unresectable)"", ""Clinical setting"": ""Metastatic+recurrent (unresectable)"", ""Control arm"": ""TKI"", ""Control regimen"": ""Sunitinib"", ""Follow-up duration for primary endpoint(s) in months | Control"": null, ""Follow-up duration for primary endpoint(s) in months | Overall"": ""24, 15"", ""Follow-up duration for primary endpoint(s) in months | Rx"": null, ""Included in MA"": ""Yes"", ""Is PD-L1 positivity inclusion criteria"": ""No"", ""Is any other biomarker used for inclusion"": ""No"", ""Lines of treatment"": ""Only 1st line of treatment for metastatic disease"", ""Monotherapy/combination"": ""Combination"", ""NCT"": ""NCT02420821"", ""Name of ICI"": ""Atezolizumab"", ""Number of arms"": 2, ""Originial publication or Follow-up"": ""Original publication"", ""Priamry Multiple, composite, or co-primary endpoints?"": ""Co-primary"", ""Primary endpoint"": ""OS+PFS"", ""PubMed ID"": ""31079938"", ""Secondary endpoint"": ""OS in PD-L1 positive population; PFS in the ITT population; proportion of patients who achieved an objective response; duration of response; patient-reported outcomes; safety"", ""Total sample size"": 915, ""Treatment regimen"": ""Atezolizumab+Bevacizumab"", ""Trial name"": ""IMmotion151"", ""Trial phase"": ""Phase 3"", ""Type of combination"": ""ICI+Anti-VEGF"", ""Type of control"": ""TKI"", ""Type of follow-up given"": ""Median"", ""Type of therapy"": ""Combination"", ""Year"": 2019, ""__rowid__"": 22}"
row_36,36,"In Gastric/GEJ trials, classify the ICI by target class from its generic name as PD-1, PD-L1, or CTLA-4.",Name of ICI,"[""class""]",bert,tuple,13,0.8102320432662964,0,107,NCT02807636,32416780,IMvigor130,Atezolizumab,"{""Author"": ""Galsky MD et al"", ""Cancer type"": ""Urothelial"", ""Class of ICI"": ""PD-L1"", ""Clincal setting in relation to surgery"": ""Metastatic+recurrent (unresectable)"", ""Clinical setting"": ""Metastatic+recurrent (unresectable)"", ""Control arm"": ""Chemo"", ""Control regimen"": ""Placebo+Gemcitabine+Carboplatin or Cisplatin"", ""Follow-up duration for primary endpoint(s) in months | Control"": ""13.4,6.3"", ""Follow-up duration for primary endpoint(s) in months | Overall"": null, ""Follow-up duration for primary endpoint(s) in months | Rx"": ""16,8.2"", ""Included in MA"": ""Yes"", ""Is PD-L1 positivity inclusion criteria"": ""No"", ""Is any other biomarker used for inclusion"": ""No"", ""Lines of treatment"": ""Only 1st line of treatment for metastatic disease"", ""Monotherapy/combination"": ""Combination"", ""NCT"": ""NCT02807636"", ""Name of ICI"": ""Atezolizumab"", ""Number of arms"": 3, ""Originial publication or Follow-up"": ""Original publication"", ""Priamry Multiple, composite, or co-primary endpoints?"": ""Co-primary"", ""Primary endpoint"": ""OS+PFS"", ""PubMed ID"": ""32416780"", ""Secondary endpoint"": ""RR, DOR, PFS"", ""Total sample size"": 1213, ""Treatment regimen"": ""Atezolizumab+Gemcitabine+Carboplatin or Cisplatin"", ""Trial name"": ""IMvigor130"", ""Trial phase"": ""Phase 3"", ""Type of combination"": ""ICI+Chemo"", ""Type of control"": ""Chemo"", ""Type of follow-up given"": ""Median"", ""Type of therapy"": ""Combination"", ""Year"": 2020, ""__rowid__"": 107}"
row_36,36,"In Gastric/GEJ trials, classify the ICI by target class from its generic name as PD-1, PD-L1, or CTLA-4.",Name of ICI,"[""class""]",bert,tuple,14,0.8102086186408997,0,81,NCT01042379,32053137,I-SPY2,Pembrolizumab,"{""Author"": ""Nanda R et al"", ""Cancer type"": ""Breast"", ""Class of ICI"": ""PD1"", ""Clincal setting in relation to surgery"": ""Neoadjuvant"", ""Clinical setting"": ""Neoadjuvant"", ""Control arm"": ""Chemo"", ""Control regimen"": ""Paclitaxel+Doxorubicin+Cyclophosphamide"", ""Follow-up duration for primary endpoint(s) in months | Control"": ""36"", ""Follow-up duration for primary endpoint(s) in months | Overall"": null, ""Follow-up duration for primary endpoint(s) in months | Rx"": ""33.6"", ""Included in MA"": ""No"", ""Is PD-L1 positivity inclusion criteria"": ""No"", ""Is any other biomarker used for inclusion"": ""Yes"", ""Lines of treatment"": null, ""Monotherapy/combination"": ""Combination"", ""NCT"": ""NCT01042379"", ""Name of ICI"": ""Pembrolizumab"", ""Number of arms"": 2, ""Originial publication or Follow-up"": ""Original publication"", ""Priamry Multiple, composite, or co-primary endpoints?"": null, ""Primary endpoint"": ""Path CR"", ""PubMed ID"": ""32053137"", ""Secondary endpoint"": ""residual cancer burden (RCB) and 3-year event-free and distant recurrence-free survival."", ""Total sample size"": 250, ""Treatment regimen"": ""Pembrolizumab+Paclitaxel"", ""Trial name"": ""I-SPY2"", ""Trial phase"": ""Phase 2"", ""Type of combination"": ""ICI+Chemo"", ""Type of control"": ""Chemo"", ""Type of follow-up given"": ""Median"", ""Type of therapy"": ""Combination"", ""Year"": 2019, ""__rowid__"": 81}"
row_36,36,"In Gastric/GEJ trials, classify the ICI by target class from its generic name as PD-1, PD-L1, or CTLA-4.",Name of ICI,"[""class""]",bert,tuple,15,0.8092944622039795,0,6,NCT02788279,31003911,IMblaze130,Atezolizumab,"{""Author"": ""Eng C et al"", ""Cancer type"": ""Colorectal"", ""Class of ICI"": ""PD-L1"", ""Clincal setting in relation to surgery"": ""Metastatic+recurrent (unresectable)"", ""Clinical setting"": ""Metastatic+recurrent (unresectable)"", ""Control arm"": ""Multikinase inhibitor"", ""Control regimen"": ""Regorafenib"", ""Follow-up duration for primary endpoint(s) in months | Control"": null, ""Follow-up duration for primary endpoint(s) in months | Overall"": ""7.3"", ""Follow-up duration for primary endpoint(s) in months | Rx"": null, ""Included in MA"": ""No"", ""Is PD-L1 positivity inclusion criteria"": ""No"", ""Is any other biomarker used for inclusion"": ""No"", ""Lines of treatment"": ""Only 2nd or later line of treatment for metastatic disease"", ""Monotherapy/combination"": ""Combination"", ""NCT"": ""NCT02788279"", ""Name of ICI"": ""Atezolizumab"", ""Number of arms"": 3, ""Originial publication or Follow-up"": ""Original publication"", ""Priamry Multiple, composite, or co-primary endpoints?"": null, ""Primary endpoint"": ""OS"", ""PubMed ID"": ""31003911"", ""Secondary endpoint"": ""investigator-assessed RECIST v1.1 ORR, PFS, DoR"", ""Total sample size"": 363, ""Treatment regimen"": ""Atezolizumab+Cobimetinib"", ""Trial name"": ""IMblaze130"", ""Trial phase"": ""Phase 3"", ""Type of combination"": ""ICI+MEKi"", ""Type of control"": ""Multikinase inhibitor"", ""Type of follow-up given"": ""Median"", ""Type of therapy"": ""Combination"", ""Year"": 2019, ""__rowid__"": 6}"
row_36,36,"In Gastric/GEJ trials, classify the ICI by target class from its generic name as PD-1, PD-L1, or CTLA-4.",Name of ICI,"[""class""]",bert,tuple,16,0.8087749481201172,0,43,NCT02763579,30280641,IMPower 133,Atezolizumab,"{""Author"": ""Horn L et al"", ""Cancer type"": ""Small Cell Lung"", ""Class of ICI"": ""PD-L1"", ""Clincal setting in relation to surgery"": ""Metastatic+recurrent (unresectable)"", ""Clinical setting"": ""Metastatic+recurrent (unresectable)"", ""Control arm"": ""Placebo"", ""Control regimen"": ""Placebo"", ""Follow-up duration for primary endpoint(s) in months | Control"": null, ""Follow-up duration for primary endpoint(s) in months | Overall"": ""13.9"", ""Follow-up duration for primary endpoint(s) in months | Rx"": null, ""Included in MA"": ""Yes"", ""Is PD-L1 positivity inclusion criteria"": ""No"", ""Is any other biomarker used for inclusion"": ""No"", ""Lines of treatment"": ""Only 1st line of treatment for metastatic disease"", ""Monotherapy/combination"": ""Combination"", ""NCT"": ""NCT02763579"", ""Name of ICI"": ""Atezolizumab"", ""Number of arms"": 2, ""Originial publication or Follow-up"": ""Original publication"", ""Priamry Multiple, composite, or co-primary endpoints?"": ""Multiple"", ""Primary endpoint"": ""OS+PFS"", ""PubMed ID"": ""30280641"", ""Secondary endpoint"": ""ORR, DOR"", ""Total sample size"": 403, ""Treatment regimen"": ""Atezolizumab+Etoposide+Carboplatin"", ""Trial name"": ""IMPower 133"", ""Trial phase"": ""Phase 3"", ""Type of combination"": ""ICI+Chemo"", ""Type of control"": ""Placebo"", ""Type of follow-up given"": ""Median"", ""Type of therapy"": ""Combination"", ""Year"": 2018, ""__rowid__"": 43}"
row_36,36,"In Gastric/GEJ trials, classify the ICI by target class from its generic name as PD-1, PD-L1, or CTLA-4.",Name of ICI,"[""class""]",bert,tuple,17,0.8087092638015747,0,97,NCT01896869,32591464,,Ipilimumab,"{""Author"": ""Wu AA et al"", ""Cancer type"": ""Pancreatic"", ""Class of ICI"": ""CTLA-4"", ""Clincal setting in relation to surgery"": ""Metastatic+recurrent (unresectable)"", ""Clinical setting"": ""Metastatic+recurrent (unresectable)"", ""Control arm"": ""Chemo"", ""Control regimen"": ""FOLFIRINOX"", ""Follow-up duration for primary endpoint(s) in months | Control"": null, ""Follow-up duration for primary endpoint(s) in months | Overall"": null, ""Follow-up duration for primary endpoint(s) in months | Rx"": null, ""Included in MA"": ""No"", ""Is PD-L1 positivity inclusion criteria"": ""No"", ""Is any other biomarker used for inclusion"": ""No"", ""Lines of treatment"": ""Only 2nd or later line of treatment for metastatic disease"", ""Monotherapy/combination"": ""Combination"", ""NCT"": ""NCT01896869"", ""Name of ICI"": ""Ipilimumab"", ""Number of arms"": 2, ""Originial publication or Follow-up"": ""Original publication"", ""Priamry Multiple, composite, or co-primary endpoints?"": null, ""Primary endpoint"": ""OS"", ""PubMed ID"": ""32591464"", ""Secondary endpoint"": ""Safety; toxicities; clinical and immunological responses."", ""Total sample size"": 83, ""Treatment regimen"": ""Ipilimumab+GVAX"", ""Trial name"": null, ""Trial phase"": ""Phase 2"", ""Type of combination"": ""ICI+Vaccine"", ""Type of control"": ""Chemo"", ""Type of follow-up given"": null, ""Type of therapy"": ""Combination"", ""Year"": 2020, ""__rowid__"": 97}"
row_36,36,"In Gastric/GEJ trials, classify the ICI by target class from its generic name as PD-1, PD-L1, or CTLA-4.",Name of ICI,"[""class""]",bert,tuple,18,0.8086204528808594,0,14,NCT02105636,29884413,CheckMate 141,Nivolumab,"{""Author"": ""Ferris RL et al"", ""Cancer type"": ""Head and Neck"", ""Class of ICI"": ""PD1"", ""Clincal setting in relation to surgery"": ""Metastatic+recurrent (unresectable)"", ""Clinical setting"": ""Metastatic+recurrent (unresectable)"", ""Control arm"": ""Chemo/Anti-EGFR"", ""Control regimen"": ""Methotrexate/Docetaxel/Cetuximab"", ""Follow-up duration for primary endpoint(s) in months | Control"": null, ""Follow-up duration for primary endpoint(s) in months | Overall"": ""24.2"", ""Follow-up duration for primary endpoint(s) in months | Rx"": null, ""Included in MA"": ""Yes"", ""Is PD-L1 positivity inclusion criteria"": ""No"", ""Is any other biomarker used for inclusion"": ""No"", ""Lines of treatment"": ""1st and later line of treatment for metastatic disease"", ""Monotherapy/combination"": ""Monotherapy"", ""NCT"": ""NCT02105636"", ""Name of ICI"": ""Nivolumab"", ""Number of arms"": 2, ""Originial publication or Follow-up"": ""Follow-up"", ""Priamry Multiple, composite, or co-primary endpoints?"": null, ""Primary endpoint"": ""OS"", ""PubMed ID"": ""29884413"", ""Secondary endpoint"": ""PFS, ORR"", ""Total sample size"": 361, ""Treatment regimen"": ""Nivolumab"", ""Trial name"": ""CheckMate 141"", ""Trial phase"": ""Phase 3"", ""Type of combination"": null, ""Type of control"": ""Chemo/Anti-EGFR"", ""Type of follow-up given"": ""Minimum"", ""Type of therapy"": ""Monotherapy"", ""Year"": 2018, ""__rowid__"": 14}"
row_36,36,"In Gastric/GEJ trials, classify the ICI by target class from its generic name as PD-1, PD-L1, or CTLA-4.",Name of ICI,"[""class""]",bert,tuple,19,0.8083467483520508,0,13,NCT02105636,27718784,CheckMate 141,Nivolumab,"{""Author"": ""Ferris RL et al"", ""Cancer type"": ""Head and Neck"", ""Class of ICI"": ""PD1"", ""Clincal setting in relation to surgery"": ""Metastatic+recurrent (unresectable)"", ""Clinical setting"": ""Metastatic+recurrent (unresectable)"", ""Control arm"": ""Chemo/Anti-EGFR"", ""Control regimen"": ""Methotrexate/Docetaxel/Cetuximab"", ""Follow-up duration for primary endpoint(s) in months | Control"": null, ""Follow-up duration for primary endpoint(s) in months | Overall"": ""5.1"", ""Follow-up duration for primary endpoint(s) in months | Rx"": null, ""Included in MA"": ""Yes"", ""Is PD-L1 positivity inclusion criteria"": ""No"", ""Is any other biomarker used for inclusion"": ""No"", ""Lines of treatment"": ""1st and later line of treatment for metastatic disease"", ""Monotherapy/combination"": ""Monotherapy"", ""NCT"": ""NCT02105636"", ""Name of ICI"": ""Nivolumab"", ""Number of arms"": 2, ""Originial publication or Follow-up"": ""Original publication"", ""Priamry Multiple, composite, or co-primary endpoints?"": null, ""Primary endpoint"": ""OS"", ""PubMed ID"": ""27718784"", ""Secondary endpoint"": ""PFS, ORR"", ""Total sample size"": 361, ""Treatment regimen"": ""Nivolumab"", ""Trial name"": ""CheckMate 141"", ""Trial phase"": ""Phase 3"", ""Type of combination"": null, ""Type of control"": ""Chemo/Anti-EGFR"", ""Type of follow-up given"": ""Median"", ""Type of therapy"": ""Monotherapy"", ""Year"": 2016, ""__rowid__"": 13}"
row_36,36,"In Gastric/GEJ trials, classify the ICI by target class from its generic name as PD-1, PD-L1, or CTLA-4.",Name of ICI,"[""class""]",bert,tuple,20,0.808197557926178,0,7,NCT02788279,31003911,IMblaze130,Atezolizumab,"{""Author"": ""Eng C et al (1)"", ""Cancer type"": ""Colorectal"", ""Class of ICI"": ""PD-L1"", ""Clincal setting in relation to surgery"": ""Metastatic+recurrent (unresectable)"", ""Clinical setting"": ""Metastatic+recurrent (unresectable)"", ""Control arm"": ""Multikinase inhibitor"", ""Control regimen"": ""Regorafenib"", ""Follow-up duration for primary endpoint(s) in months | Control"": null, ""Follow-up duration for primary endpoint(s) in months | Overall"": ""7.3"", ""Follow-up duration for primary endpoint(s) in months | Rx"": null, ""Included in MA"": ""No"", ""Is PD-L1 positivity inclusion criteria"": ""No"", ""Is any other biomarker used for inclusion"": ""No"", ""Lines of treatment"": ""Only 2nd or later line of treatment for metastatic disease"", ""Monotherapy/combination"": ""Monotherapy"", ""NCT"": ""NCT02788279"", ""Name of ICI"": ""Atezolizumab"", ""Number of arms"": 3, ""Originial publication or Follow-up"": ""Original publication"", ""Priamry Multiple, composite, or co-primary endpoints?"": null, ""Primary endpoint"": ""OS"", ""PubMed ID"": ""31003911"", ""Secondary endpoint"": ""investigator-assessed RECIST v1.1 ORR, PFS, DoR"", ""Total sample size"": 363, ""Treatment regimen"": ""Atezolizumab"", ""Trial name"": ""IMblaze130"", ""Trial phase"": ""Phase 3"", ""Type of combination"": null, ""Type of control"": ""Multikinase inhibitor"", ""Type of follow-up given"": ""Median"", ""Type of therapy"": ""Monotherapy"", ""Year"": 2019, ""__rowid__"": 7}"
